-0.541523 0.276998 -0.793742 0.808946 -0.085294 -0.581662 -0.228821 -0.957077 -0.177887 
0.926644 -0.182883 -0.328459 0.367869 0.621184 0.691956 0.077486 -0.762027 0.642893 
-0.496801 -0.034054 0.867196 -0.407350 -0.873171 -0.267653 0.766325 -0.486223 0.419920 
-0.738842 0.670678 -0.065605 0.616633 0.712133 0.335606 0.271802 0.207506 -0.939715 
-0.912623 -0.116404 -0.391880 0.115179 -0.992985 0.026722 -0.392242 -0.020749 0.919628 
0.926661 -0.178852 -0.330624 -0.033690 -0.915531 0.400834 -0.374386 -0.360298 -0.854412 
0.142572 -0.479102 0.866103 -0.101219 0.863397 0.494267 -0.984595 -0.158134 0.074602 
0.790681 0.356437 -0.497772 -0.526607 -0.018742 -0.849903 -0.312266 0.934131 0.172883 
0.459072 -0.336637 0.822149 -0.790622 0.267258 0.550900 -0.405179 -0.902911 -0.143462 
-0.163373 -0.875144 -0.455448 -0.299510 -0.395865 0.868092 -0.940001 0.278234 -0.197441 
0.569675 -0.719374 -0.397456 -0.794560 -0.605690 -0.042581 -0.210104 0.340060 -0.916633 
0.731128 0.036905 0.681242 -0.617928 -0.387406 0.684165 0.289166 -0.921170 -0.260438 
-0.971348 0.232585 -0.048853 0.236137 0.967750 -0.087746 0.026869 -0.096768 -0.994944 
0.320749 0.004421 -0.947154 -0.784076 0.562236 -0.262899 0.531362 0.826965 0.183803 
-0.274215 -0.829684 -0.486242 -0.414746 0.558214 -0.718598 0.867636 0.004617 -0.497178 
-0.593584 0.658220 -0.463039 -0.801615 -0.534500 0.267813 -0.071215 0.530148 0.844909 
0.177994 0.376363 0.909213 -0.914446 -0.278016 0.294102 0.363465 -0.883775 0.294679 
-0.110576 -0.961794 -0.250451 -0.105371 0.261921 -0.959320 0.988266 -0.079688 -0.130307 
0.131543 -0.491887 0.860665 0.445185 0.805047 0.392059 -0.885724 0.331582 0.324879 
0.753192 0.653329 0.076569 0.640124 -0.754773 0.143381 0.151467 -0.058980 -0.986701 
-0.921566 0.344588 -0.178815 0.286067 0.291365 -0.912837 -0.262453 -0.892393 -0.367087 
-0.526124 0.734827 -0.428045 0.695341 0.661498 0.280931 0.489587 -0.149833 -0.858985 
-0.656248 0.062788 -0.751928 -0.329772 0.872453 0.360661 0.678667 0.484648 -0.551840 
0.014866 0.673676 0.738878 0.079686 -0.737407 0.670732 0.996709 0.048908 -0.064645 
-0.363329 -0.897390 -0.250368 0.717547 -0.440940 0.539165 -0.594238 0.016243 0.804125 
0.416575 0.693889 -0.587353 0.362285 0.465853 0.807299 0.833795 -0.549089 -0.057323 
0.190671 -0.636376 0.747443 -0.976992 -0.048904 0.207592 -0.095554 -0.769828 -0.631059 
-0.279715 0.742686 -0.608422 -0.589155 -0.633150 -0.502013 -0.758061 0.218034 0.614659 
-0.752308 0.627044 -0.202109 -0.643248 -0.632830 0.430997 0.142353 0.454248 0.879428 
0.700163 -0.055961 0.711786 0.567532 0.648519 -0.507278 -0.433220 0.759139 0.485829 
0.108348 0.853255 0.510114 0.947071 0.067386 -0.313873 -0.302188 0.517122 -0.800792 
-0.871321 0.447697 -0.200914 0.136658 0.614617 0.776898 0.471300 0.649471 -0.596710 
-0.490808 0.869204 0.059940 0.871137 0.488379 0.051054 0.015102 0.077274 -0.996896 
-0.001671 -0.543448 0.839441 0.438338 0.754101 0.489072 -0.898809 0.368776 0.236954 
0.505750 0.682466 0.527691 0.856134 -0.472275 -0.209740 0.106075 0.557850 -0.823135 
0.019336 0.592205 0.805555 -0.971987 -0.177629 0.153916 0.234239 -0.785965 0.572181 
0.821441 0.264684 0.505150 0.326762 -0.944401 -0.036521 0.467398 0.195063 -0.862258 
-0.467705 0.519674 -0.714976 0.877829 0.178578 -0.444439 -0.103285 -0.835493 -0.539707 
-0.954444 0.208016 0.213930 -0.009964 0.694329 -0.719589 -0.298223 -0.688939 -0.660625 
-0.510537 0.166565 -0.843569 0.852409 0.226876 -0.471090 0.112918 -0.959575 -0.257810 
-0.035922 -0.984576 -0.171231 0.994874 -0.019024 -0.099321 0.094531 -0.173921 0.980212 
-0.765658 -0.176328 -0.618609 -0.637629 0.334890 0.693742 0.084840 0.925612 -0.368843 
0.649965 -0.047160 0.758499 -0.183040 0.958976 0.216474 -0.737591 -0.279537 0.614669 
0.490312 -0.598016 -0.634012 0.796914 0.013083 0.603951 -0.352877 -0.801377 0.482982 
-0.258379 -0.399819 -0.879423 -0.484767 -0.733760 0.476022 -0.835609 0.549309 -0.004231 
0.701487 -0.712420 0.019337 -0.525223 -0.535121 -0.661654 0.481723 0.453985 -0.749560 
0.641807 0.761446 -0.091017 -0.275885 0.340003 0.899047 0.715522 -0.551904 0.428288 
-0.175545 0.941321 0.288268 0.964939 0.222559 -0.139139 -0.195131 0.253737 -0.947387 
-0.491234 0.867929 -0.073413 0.029972 0.101076 0.994427 0.870512 0.486296 -0.075665 
-0.214620 0.796964 -0.564612 -0.967984 -0.250609 0.014209 -0.130173 0.549585 0.825234 
0.115474 0.057744 -0.991631 -0.438386 -0.892860 -0.103042 -0.891338 0.446616 -0.077788 
-0.419530 -0.461830 0.781478 -0.535723 -0.569021 -0.623873 0.732800 -0.680389 -0.008691 
0.697359 -0.564361 -0.441800 0.338338 0.802629 -0.491238 0.631837 0.193092 0.750665 
-0.602209 0.728100 -0.327436 -0.627865 -0.685269 -0.369043 -0.493082 -0.016656 0.869824 
0.623680 -0.112673 -0.773517 0.760332 0.317129 0.566855 0.181436 -0.941666 0.283456 
-0.753505 0.324145 -0.571980 -0.359735 0.524934 0.771385 0.550292 0.787003 -0.278934 
-0.984650 0.077870 0.156210 0.012615 0.924375 -0.381277 -0.174086 -0.373454 -0.911167 
0.665995 -0.380500 0.641616 -0.458308 0.469924 0.754404 -0.588561 -0.796487 0.138581 
0.331110 0.886511 -0.323209 0.329113 0.212519 0.920065 0.884337 -0.411015 -0.221395 
-0.124101 0.169615 -0.977665 0.974125 -0.166734 -0.152578 -0.188890 -0.971304 -0.144534 
-0.320643 0.341590 -0.883462 -0.535241 0.704179 0.466530 0.781477 0.622454 -0.042957 
0.793485 -0.127370 0.595112 -0.409250 -0.835419 0.366865 0.450440 -0.534652 -0.715019 
-0.835046 -0.102830 0.540485 -0.360135 0.844835 -0.395672 -0.415934 -0.525052 -0.742509 
0.554473 0.831278 -0.039205 -0.632004 0.451268 0.630022 0.541415 -0.324552 0.775587 
-0.109531 -0.771758 0.626413 -0.485582 0.591432 0.643754 -0.867302 -0.233664 -0.439531 
-0.803974 -0.539397 -0.250352 -0.513520 0.417449 0.749689 -0.299871 0.731291 -0.612609 
-0.789362 -0.483008 -0.378959 -0.187877 -0.397605 0.898116 -0.584474 0.780137 0.223108 
0.061560 0.763299 -0.643105 0.836563 0.311981 0.450366 0.544401 -0.565723 -0.619343 
-0.046470 0.474223 -0.879177 0.391939 -0.800895 -0.452715 -0.918817 -0.365622 -0.148649 
-0.036323 -0.425267 -0.904339 0.897672 -0.411563 0.157482 -0.439164 -0.806080 0.396699 
-0.735980 0.492703 -0.464303 0.205028 0.815827 0.540732 0.645211 0.302772 -0.701450 
-0.022065 0.181139 0.983210 0.509107 -0.844350 0.166982 0.860420 0.504243 -0.073589 
0.593295 0.562124 0.576210 0.804838 -0.400516 -0.437976 -0.015416 0.723604 -0.690043 
0.210158 -0.909624 0.358354 -0.974850 -0.222773 0.006232 0.074163 -0.350651 -0.933565 
0.642098 0.201690 0.739616 0.765629 -0.119620 -0.632062 -0.039008 0.972117 -0.231227 
-0.685966 -0.373804 -0.624277 0.539669 -0.836845 -0.091912 -0.488066 -0.399951 0.775777 
0.929782 0.263449 0.257100 0.168660 0.315927 -0.933672 -0.327200 0.911474 0.249310 
0.727020 -0.585350 -0.358897 -0.049431 -0.565968 0.822944 -0.684835 -0.580556 -0.440405 
0.760172 -0.123141 -0.637945 -0.625912 0.124576 -0.769880 0.174276 0.984539 0.017624 
-0.571509 0.816069 -0.086075 0.365511 0.347071 0.863680 0.734696 0.462140 -0.496637 
-0.731862 -0.133996 -0.668149 -0.661676 -0.094764 0.743777 -0.162979 0.986441 -0.019308 
0.902538 0.202580 -0.379981 -0.376482 -0.057087 -0.924663 -0.209010 0.977600 0.024745 
0.789501 -0.613457 -0.018956 0.355564 0.482339 -0.800577 0.500263 0.625316 0.598930 
0.510508 0.853312 0.106021 0.238274 -0.258855 0.936066 0.826200 -0.452607 -0.335469 
-0.137052 0.618433 -0.773794 0.983853 -0.005791 -0.178886 -0.115110 -0.785816 -0.607653 
-0.074910 0.993787 -0.082317 -0.583822 0.023214 0.811549 0.808418 0.108851 0.578456 
0.249431 0.173882 -0.952654 0.944262 0.174570 0.279097 0.214835 -0.969170 -0.120647 
-0.551825 0.802161 -0.228095 0.046001 -0.243814 -0.968730 -0.832690 -0.545063 0.097642 
-0.217256 -0.409283 -0.886165 -0.866634 -0.336871 0.368054 -0.449161 0.847942 -0.281511 
0.916248 -0.342306 0.208127 -0.112732 -0.718834 -0.685980 0.384424 0.605065 -0.697219 
0.286096 0.474764 0.832315 0.859853 0.256115 -0.441654 -0.422850 0.842024 -0.334954 
-0.366399 0.136113 0.920448 0.780329 -0.493858 0.383653 0.506791 0.858823 0.074737 
-0.399575 0.818850 0.412098 0.780898 0.068588 0.620881 0.480144 0.569895 -0.666844 
0.562963 0.197654 0.802499 0.182809 0.917153 -0.354136 -0.806011 0.346069 0.480190 
-0.999952 -0.004995 0.008438 -0.007960 0.916043 -0.401000 -0.005726 -0.401048 -0.916039 
0.675132 0.023140 -0.737334 -0.360609 0.882302 -0.302498 0.643552 0.470115 0.604014 
-0.338483 -0.411019 0.846459 -0.054153 0.906575 0.418556 -0.939413 0.095836 -0.329118 
-0.318336 0.420049 0.849836 0.711055 -0.487082 0.507101 0.626947 0.765709 -0.143622 
0.131206 0.989179 -0.065652 -0.809744 0.145140 0.568550 0.571926 -0.021436 0.820025 
-0.275300 -0.874888 0.398473 -0.771145 0.448473 0.451894 -0.574061 -0.182874 -0.798130 
-0.417759 0.428787 -0.801011 -0.248903 -0.901913 -0.352987 -0.873799 0.051910 0.483509 
-0.952009 -0.265826 0.151708 -0.291504 0.636393 -0.714164 0.093297 -0.724114 -0.683341 
0.683276 -0.328490 0.652095 -0.235746 0.746005 0.622816 -0.691055 -0.579284 0.432287 
0.746956 0.239938 0.620070 0.658270 -0.397996 -0.638968 0.093473 0.885454 -0.455229 
0.558720 -0.327532 0.761942 -0.798929 -0.459123 0.388481 0.222585 -0.825790 -0.518196 
0.053494 0.264482 0.962906 0.846108 0.500108 -0.184370 -0.530320 0.824585 -0.197028 
0.777858 -0.440832 0.447889 -0.563854 -0.174862 0.807150 -0.277499 -0.880392 -0.384583 
-0.491955 -0.109697 0.863682 0.796962 -0.456090 0.396023 0.350474 0.883147 0.311800 
0.645243 0.757883 0.096312 -0.715974 0.555893 0.422331 0.266538 -0.341463 0.901310 
-0.109411 -0.940569 0.321496 -0.584283 -0.200804 -0.786315 0.804141 -0.273876 -0.527588 
-0.018243 0.100648 0.994755 0.113205 0.988731 -0.097963 -0.993404 0.110824 -0.029432 
-0.880301 -0.464943 0.094326 0.464814 -0.805472 0.367645 -0.094958 0.367482 0.925170 
0.446568 0.842209 -0.302096 -0.059341 0.364767 0.929206 0.892780 -0.397026 0.212871 
0.964545 -0.159631 -0.210168 0.141293 0.984939 -0.099652 0.222911 0.066424 0.972573 
-0.611717 0.790283 -0.035417 0.449436 0.384031 0.806553 0.651007 0.477465 -0.590100 
-0.932579 -0.193682 -0.304603 0.357670 -0.382075 -0.852110 0.048657 -0.903607 0.425589 
-0.955109 -0.277489 0.103763 0.217441 -0.418732 0.881693 -0.201211 0.864675 0.460272 
0.508452 -0.850516 0.134535 0.002299 0.157578 0.987504 -0.861087 -0.501789 0.082076 
0.879543 0.472481 -0.056262 0.441833 -0.767106 0.465116 0.176600 -0.433948 -0.883460 
0.276720 0.497460 -0.822167 0.580332 -0.768448 -0.269632 -0.765924 -0.402518 -0.501338 
-0.108343 0.925718 0.362363 0.974761 0.170498 -0.144122 -0.195199 0.337603 -0.920827 
0.843704 0.521922 0.125542 0.480944 -0.631058 -0.608653 -0.238445 0.573902 -0.783441 
-0.479172 0.869790 -0.117727 0.123791 0.199757 0.971994 0.868948 0.451179 -0.203391 
-0.313867 0.262137 0.912563 -0.932799 -0.264438 -0.244866 0.177128 -0.928093 0.327519 
0.350545 -0.758508 -0.549349 -0.480645 -0.649134 0.589581 -0.803803 0.057367 -0.592124 
0.560348 -0.760272 -0.328628 0.535002 0.635130 -0.557120 0.632284 0.136365 0.762641 
-0.896676 0.425879 0.120823 -0.328206 -0.456399 -0.827031 -0.297072 -0.781234 0.549018 
0.489673 -0.058561 0.869938 -0.317665 -0.941148 0.115453 0.811979 -0.332882 -0.479457 
-0.264614 0.472844 0.840475 -0.612844 0.590467 -0.525139 -0.744582 -0.654039 0.133534 
-0.238657 0.888874 -0.391083 -0.873872 -0.372222 -0.312728 -0.423545 0.267122 0.865595 
0.611367 0.610223 -0.503844 -0.701857 0.124015 -0.701440 -0.365550 0.782463 0.504107 
-0.425171 -0.904569 -0.031368 0.902784 -0.426307 0.056954 -0.064891 -0.004103 0.997884 
-0.991467 -0.061935 0.114703 0.012011 -0.919579 -0.392722 0.129802 -0.387993 0.912476 
0.627539 0.513195 -0.585513 0.683350 -0.723442 0.098311 -0.373132 -0.461804 -0.804680 
0.825501 0.460143 0.326829 -0.143557 0.731209 -0.666877 -0.545838 0.503589 0.669671 
-0.783212 0.278290 -0.555998 0.505981 -0.234408 -0.830082 -0.361334 -0.931454 0.042782 
0.392154 -0.019634 0.919690 0.286620 -0.947396 -0.142440 0.874107 0.319460 -0.365898 
0.146420 0.605329 -0.782392 -0.965113 -0.086138 -0.247260 -0.217067 0.791301 0.571599 
0.212758 -0.594755 -0.775243 -0.477492 -0.755505 0.448569 -0.852488 0.274736 -0.444730 
0.271878 0.445310 -0.853101 0.374841 -0.865483 -0.332315 -0.886328 -0.229428 -0.402226 
-0.192509 0.696731 -0.691018 0.089839 -0.688719 -0.719441 -0.977174 -0.200579 0.069992 
0.395496 0.776776 -0.490103 -0.563343 -0.216295 -0.797409 -0.725415 0.591469 0.352048 
0.672668 -0.732140 0.107187 -0.678959 -0.668305 -0.303945 0.294164 0.131679 -0.946641 
0.545525 0.829039 0.122868 0.256737 -0.304864 0.917139 0.797802 -0.468777 -0.379156 
-0.163802 -0.940204 -0.298640 -0.146245 -0.276240 0.949897 -0.975593 0.199270 -0.092251 
-0.802979 -0.595959 -0.007559 -0.012243 0.003813 0.999918 -0.595881 0.803006 -0.010358 
-0.318331 -0.544808 0.775790 -0.614445 -0.504605 -0.606491 0.721889 -0.669745 -0.174122 
-0.616679 0.630420 -0.471464 0.287542 0.737906 0.610585 0.732821 0.240969 -0.636323 
0.015305 -0.977417 0.210764 -0.163091 -0.210406 -0.963914 0.986492 -0.019621 -0.162628 
-0.522879 0.403189 -0.751023 -0.520855 -0.848572 -0.092927 -0.674764 0.342585 0.653704 
0.197176 -0.912742 0.357803 -0.791182 -0.363669 -0.491707 0.578924 -0.186135 -0.793852 
0.138726 0.496866 0.856668 0.900100 -0.424012 0.100167 0.413006 0.757191 -0.506051 
-0.790537 0.452638 -0.412516 -0.584598 -0.758451 0.288092 -0.182472 0.468904 0.864195 
0.082541 -0.857435 -0.507929 -0.855247 -0.322586 0.405574 -0.511604 0.400929 -0.759946 
0.939092 -0.340601 -0.045799 0.299120 0.875692 -0.379067 0.169216 0.342279 0.924235 
-0.840416 0.255672 0.477842 -0.035964 -0.906089 0.421555 0.540747 0.337097 0.770687 
0.381198 0.159790 0.910580 -0.180071 0.978919 -0.096398 -0.906787 -0.127222 0.401936 
0.499731 -0.857425 0.122844 0.792729 0.509886 0.334061 -0.349069 -0.069559 0.934512 
-0.128945 -0.980348 0.149298 -0.697334 0.196684 0.689232 -0.705052 -0.015238 -0.708992 
0.788961 -0.229961 -0.569789 0.029353 -0.912160 0.408783 -0.613742 -0.339238 -0.712908 
-0.268966 0.255949 -0.928519 0.866260 -0.357118 -0.349372 -0.421012 -0.898308 -0.125665 
-0.390451 -0.917057 0.080955 0.919916 -0.385193 0.073349 -0.036082 0.103111 0.994015 
-0.066249 -0.013315 0.997714 -0.055652 -0.998305 -0.017018 0.996250 -0.056652 0.065396 
0.640243 -0.144023 0.754550 0.738041 0.387737 -0.552227 -0.213033 0.910449 0.354541 
-0.235965 0.105865 -0.965978 0.527190 -0.821104 -0.218768 -0.816328 -0.560876 0.137941 
0.867449 -0.477140 0.140961 0.270906 0.215337 -0.938211 0.417304 0.852037 0.316054 
0.901426 0.330000 -0.280234 0.425945 -0.560184 0.710468 0.077472 -0.759799 -0.645526 
0.067395 -0.562685 0.823920 -0.983896 -0.174502 -0.038693 0.165548 -0.808044 -0.565384 
0.222697 0.548892 0.805682 0.065232 0.816194 -0.574084 -0.972703 0.180403 0.145958 
-0.695901 0.716739 0.044808 0.586223 0.603003 -0.541046 -0.414808 -0.350246 -0.839799 
0.811972 0.443375 0.379632 -0.365793 -0.120313 0.922887 0.454860 -0.888225 0.064492 
-0.997131 -0.056387 -0.050501 -0.056046 0.998395 -0.008153 0.050880 -0.005299 -0.998691 
0.427975 0.810373 0.400166 -0.335237 0.553516 -0.762389 -0.839317 0.192133 0.508558 
0.016802 -0.547559 -0.836598 -0.981833 -0.167198 0.089713 -0.189001 0.819893 -0.540421 
-0.111835 -0.052703 0.992328 0.980770 0.154876 0.118758 -0.159947 0.986527 0.034369 
-0.268935 0.354861 -0.895404 0.475054 -0.759836 -0.443816 -0.837853 -0.544723 0.035768 
-0.751555 0.114828 -0.649600 -0.495557 0.551701 0.670858 0.435418 0.826100 -0.357729 
0.288091 -0.235265 0.928253 0.518767 0.853130 0.055221 -0.804913 0.465638 0.367827 
-0.247064 -0.807758 0.535245 0.553285 0.335877 0.762274 -0.795509 0.484473 0.363938 
0.431829 0.888128 0.157332 0.862361 -0.457658 0.216525 0.264306 0.042176 -0.963516 
-0.442102 0.105457 0.890744 0.370232 0.925977 0.074128 -0.816991 0.362554 -0.448420 
-0.085733 -0.978014 -0.190101 0.197579 -0.203703 0.958889 -0.976531 0.044649 0.210699 
0.716470 -0.082814 -0.692685 -0.321100 -0.920644 -0.222059 -0.619327 0.381520 -0.686205 
0.206175 0.339566 -0.917707 0.978370 -0.087679 0.187361 -0.016842 -0.936487 -0.350299 
-0.763573 -0.143100 0.629665 0.610542 0.157471 0.776171 -0.210224 0.977100 -0.032872 
0.066436 0.837976 -0.541647 0.763599 -0.392122 -0.512988 -0.642264 -0.379520 -0.665929 
-0.221257 0.625914 0.747848 -0.840897 -0.510824 0.178750 0.493901 -0.589313 0.639353 
-0.878341 0.467807 0.098358 0.468093 0.883416 -0.021580 -0.096986 0.027086 -0.994917 
0.059635 0.454885 0.888551 -0.865395 0.467217 -0.181106 -0.497529 -0.758148 0.421518 
0.622382 -0.630736 -0.463479 -0.251581 -0.721927 0.644615 -0.741179 -0.284594 -0.607996 
-0.971507 0.036476 0.234188 0.218264 0.522842 0.824013 -0.092386 0.851649 -0.515906 
0.046095 0.998903 0.008280 -0.839180 0.043218 -0.542134 -0.541897 0.018042 0.840251 
0.540719 -0.549323 0.637077 0.723066 0.690537 -0.018284 -0.429881 0.470536 0.770583 
0.593625 0.613691 0.520570 -0.650761 -0.014471 0.759145 0.473413 -0.789414 0.390776 
-0.151448 0.978446 0.140385 0.866577 0.199748 -0.457325 -0.475509 0.052393 -0.878149 
0.896014 0.054340 -0.440689 -0.057367 -0.969998 -0.236246 -0.440305 0.236960 -0.866014 
0.330752 -0.562743 -0.757578 0.908174 -0.028439 0.417626 -0.256561 -0.826143 0.501662 
-0.729953 0.614858 0.298525 -0.194035 0.232379 -0.953074 -0.655377 -0.753624 -0.050322 
0.281977 -0.635230 0.719007 0.415829 -0.594453 -0.688267 0.864624 0.493060 0.096525 
0.301609 0.842481 0.446383 -0.069754 0.486429 -0.870931 -0.950877 0.231543 0.205478 
0.840264 0.458389 -0.289544 0.415620 -0.887518 -0.198926 -0.348161 0.046810 -0.936265 
0.270393 0.933077 -0.237182 -0.318591 0.319199 0.892531 0.908508 -0.165770 0.383579 
0.796442 -0.148160 -0.586284 0.556232 0.559862 0.614135 0.237248 -0.815232 0.528309 
-0.824695 0.423976 -0.374329 0.170047 -0.445354 -0.879058 -0.539409 -0.788609 0.295185 
0.513393 -0.857721 0.027248 0.292716 0.145182 -0.945113 0.806688 0.493191 0.325604 
0.013266 -0.639998 0.768262 -0.997464 0.045258 0.054926 -0.069923 -0.767042 -0.637775 
0.373447 0.831120 -0.412040 0.098665 0.406069 0.908501 0.922389 -0.379931 0.069643 
-0.957981 -0.208998 -0.196449 0.044029 -0.783925 0.619293 -0.283433 0.584621 0.760187 
0.810208 0.538203 0.232166 0.146215 0.197992 -0.969237 -0.567613 0.819230 0.081721 
-0.456913 0.651385 -0.605746 -0.553342 -0.741328 -0.379797 -0.696450 0.161651 0.699161 
0.176307 0.961014 0.212996 0.634590 0.054445 -0.770929 -0.752470 0.271085 -0.600251 
0.176800 0.141696 -0.973994 -0.980979 -0.055207 -0.186100 -0.080141 0.988370 0.129240 
0.273620 -0.394375 -0.877269 0.957292 0.023090 0.288199 -0.093403 -0.918659 0.383850 
0.246422 -0.564473 -0.787811 0.588990 0.732766 -0.340801 0.769654 -0.380032 0.513038 
-0.317274 0.768661 0.555425 -0.107381 -0.611037 0.784285 0.942235 0.189191 0.276405 
-0.627370 0.580831 0.518693 -0.776369 -0.414794 -0.474549 -0.060482 -0.700415 0.711169 
0.015002 0.954338 -0.298352 0.967181 0.061842 0.246447 0.253644 -0.292258 -0.922090 
-0.983388 0.098174 -0.152678 0.089849 -0.467578 -0.879374 -0.157721 -0.878483 0.450989 
0.236628 -0.117470 -0.964473 -0.445969 0.868785 -0.215232 0.863203 0.481055 0.153191 
-0.405112 -0.108925 -0.907755 -0.201357 -0.957869 0.204799 -0.891818 0.265749 0.366112 
0.026840 -0.548564 0.835678 0.979963 -0.150611 -0.130339 0.197362 0.822432 0.533530 
0.289493 0.469367 0.834199 -0.578679 -0.608389 0.543133 0.762446 -0.639967 0.095488 
-0.883430 0.139007 0.447468 -0.018635 -0.964649 0.262880 0.468192 0.223897 0.854790 
-0.594044 -0.706472 0.384719 0.076269 0.426631 0.901204 -0.800809 0.564697 -0.199556 
0.119587 0.629506 -0.767738 -0.338300 0.752847 0.564601 0.933409 0.192207 0.302993 
0.563443 0.707513 0.426565 0.491594 0.127847 -0.861389 -0.663979 0.695040 -0.275774 
-0.042986 -0.020831 -0.998858 0.997957 -0.048198 -0.041942 -0.047269 -0.998621 0.022860 
0.558968 -0.519532 0.646251 0.033829 -0.764440 -0.643807 0.828499 0.381730 -0.409722 
-0.807493 -0.491892 0.325572 0.210996 0.274558 0.938136 -0.550850 0.826232 -0.117916 
0.431302 -0.758105 0.489137 0.765316 0.020319 -0.643334 0.477776 0.651816 0.588954 
0.213334 0.839391 -0.499912 0.314879 -0.543460 -0.778140 -0.924846 0.008592 -0.380245 
0.128668 0.837376 -0.531269 -0.863858 0.357739 0.354643 0.487025 0.413310 0.769403 
0.437351 0.566902 -0.698102 0.155074 -0.812194 -0.562400 -0.885820 0.137708 -0.443125 
0.402556 -0.686726 -0.605274 -0.914794 -0.325761 -0.238813 -0.033175 0.649836 -0.759350 
0.404425 -0.914376 -0.018877 0.366453 0.180923 -0.912677 0.837945 0.362192 0.408245 
-0.757367 0.493181 -0.427981 0.633640 0.713434 -0.299186 0.157783 -0.497780 -0.852830 
-0.516188 -0.048346 -0.855110 -0.332827 0.931260 0.148260 0.789162 0.361134 -0.496796 
-0.400140 -0.913884 -0.068580 -0.901579 0.405970 -0.149480 0.164448 0.002017 -0.986384 
-0.197540 0.955499 -0.219087 0.973472 0.164880 -0.158643 -0.115460 -0.244613 -0.962722 
-0.962625 -0.173380 -0.208071 0.108986 -0.951271 0.288453 -0.247944 0.254995 0.934613 
-0.155195 -0.213062 0.964634 -0.549188 0.830278 0.095031 -0.821162 -0.515017 -0.245866 
-0.484822 -0.830445 0.274424 -0.658411 0.553080 0.510488 -0.575711 0.066812 -0.814919 
-0.240765 0.726859 0.643202 0.733160 0.570455 -0.370213 -0.636010 0.382435 -0.670249 
0.717767 -0.326344 -0.615069 0.695974 0.309940 0.647732 -0.020748 -0.892993 0.449592 
0.007807 -0.994594 0.103543 -0.846115 -0.061756 -0.529410 0.532943 -0.083476 -0.842023 
-0.262802 0.349422 0.899355 0.676169 0.731631 -0.086672 -0.688281 0.585338 -0.428543 
0.166937 -0.449199 0.877697 -0.948712 0.169211 0.267045 -0.268472 -0.877262 -0.397913 
-0.830158 -0.149575 -0.537089 0.282592 0.717535 -0.636620 0.480602 -0.680272 -0.553399 
-0.143234 -0.876037 0.460481 0.549628 -0.457343 -0.699104 0.823039 0.152958 0.547002 
0.847530 0.509103 -0.150020 -0.530679 0.808358 -0.254828 -0.008464 0.295587 0.955278 
-0.338868 0.762364 -0.551334 -0.531421 -0.638670 -0.556500 -0.776376 0.104410 0.621561 
-0.823997 0.462498 -0.327299 0.227509 -0.258967 -0.938709 -0.518911 -0.847957 0.108166 
-0.285004 -0.162621 0.944631 0.934124 -0.268077 0.235683 0.214907 0.949573 0.228311 
-0.221841 0.509646 -0.831293 -0.958492 0.042620 0.281915 0.179106 0.859328 0.479037 
0.781379 -0.576895 0.237992 -0.480387 -0.312606 0.819454 -0.398341 -0.754632 -0.521397 
0.088489 -0.941636 0.324796 0.627341 0.305963 0.716122 -0.773701 0.140389 0.617801 
0.348041 0.898219 0.268457 0.666501 -0.035697 -0.744649 -0.659275 0.438095 -0.611088 
0.596233 0.009200 0.802759 0.743850 -0.382463 -0.548096 0.301983 0.923925 -0.234880 
-0.450894 -0.857810 0.246693 0.841951 -0.500510 -0.201512 0.296331 0.116843 0.947911 
-0.755763 0.310442 0.576583 -0.281505 -0.948999 0.141972 0.591251 -0.055013 0.804609 
-0.479426 0.750238 0.455296 0.126054 0.572298 -0.810299 -0.868482 -0.331087 -0.368945 
-0.614685 -0.782422 0.099893 0.678256 -0.588954 -0.439434 0.402655 -0.202360 0.892703 
0.008924 0.353409 0.935426 -0.383918 0.864981 -0.323132 -0.923324 -0.356243 0.143399 
-0.455152 0.320944 -0.830561 -0.864557 -0.382450 0.325996 -0.213021 0.866445 0.451548 
-0.758468 0.110724 0.642235 -0.189006 0.905737 -0.379365 -0.623701 -0.409123 -0.666045 
-0.651570 0.668187 0.359143 0.349531 -0.155742 0.923890 0.673265 0.727510 -0.132075 
0.364967 -0.584229 0.724897 0.782056 0.614840 0.101783 -0.505160 0.529763 0.681296 
0.519093 0.610689 -0.597997 0.127834 -0.747245 -0.652138 -0.845104 0.262076 -0.465957 
0.036500 0.632578 0.773636 0.900599 -0.356342 0.248880 0.433115 0.687652 -0.582706 
0.607545 0.638297 0.472722 -0.706406 0.162104 0.688995 0.363153 -0.752529 0.549382 
0.428696 -0.592283 -0.682217 -0.772001 0.152092 -0.617157 0.469291 0.791245 -0.392042 
-0.562934 -0.806006 0.182922 -0.822296 0.523880 -0.222214 0.083277 -0.275508 -0.957685 
-0.771519 0.536919 0.341287 0.562919 0.326149 0.759440 0.296447 0.778040 -0.553871 
-0.165400 -0.973831 -0.155873 -0.751610 0.022139 0.659236 -0.638534 0.226193 -0.735603 
0.746649 0.380739 -0.545485 -0.480432 0.875809 -0.046306 0.460110 0.296643 0.836841 
0.700801 -0.314266 0.640402 0.370948 -0.606266 -0.703448 0.609324 0.730533 -0.308295 
0.966663 -0.033451 -0.253856 -0.250933 -0.320991 -0.913234 -0.050937 0.946491 -0.318684 
0.116489 -0.802953 -0.584548 -0.378876 -0.579974 0.721168 -0.918087 0.137463 -0.371781 
0.561263 -0.787196 0.255552 0.430824 0.014247 -0.902323 0.706664 0.616539 0.347139 
0.922872 0.222746 0.314151 0.384927 -0.508714 -0.770091 -0.011721 0.831621 -0.555219 
0.318171 -0.934544 0.159356 0.276654 -0.069247 -0.958471 0.906769 0.349044 0.236513 
0.888631 0.452632 -0.073893 0.442022 -0.888231 -0.125148 -0.122281 0.078548 -0.989382 
0.554893 -0.773485 -0.306292 0.816695 0.436354 0.377629 -0.158439 -0.459691 0.873831 
-0.140611 0.957968 -0.250052 0.128105 0.268042 0.954852 0.981742 0.102230 -0.160410 
-0.172961 -0.166584 0.970739 0.891240 0.393068 0.226249 -0.419256 0.904294 0.080480 
-0.670552 -0.566767 -0.478680 0.216001 0.468128 -0.856855 0.709721 -0.677961 -0.191482 
0.276491 -0.960563 -0.029516 -0.116395 -0.063959 0.991142 -0.953942 -0.270606 -0.129489 
0.509660 0.842296 -0.175454 -0.316514 0.373180 0.872098 0.800041 -0.388940 0.456794 
-0.737112 -0.300096 0.605482 0.210796 -0.953388 -0.215907 0.642052 -0.031515 0.766013 
-0.294114 0.622312 0.725414 -0.898044 -0.439710 0.013109 0.327130 -0.647598 0.688188 
0.592187 0.779213 -0.205285 0.804790 -0.559176 0.199084 0.040339 -0.283106 -0.958240 
-0.406613 0.202750 -0.890819 -0.842793 0.293138 0.451409 0.352656 0.934325 0.051682 
-0.533100 0.292831 0.793759 -0.463720 0.683585 -0.563627 -0.707649 -0.668552 -0.228628 
-0.691404 -0.342440 0.636157 0.637005 0.126487 0.760412 -0.340861 0.930986 0.130682 
-0.077100 0.134031 -0.987973 0.942960 -0.312071 -0.115923 -0.323855 -0.940557 -0.102325 
-0.012971 0.357782 0.933715 0.498371 0.811856 -0.304165 -0.866867 0.461391 -0.188838 
0.941281 0.178153 0.286795 0.261505 0.152587 -0.953065 -0.213552 0.972100 0.097039 
-0.845780 0.479002 -0.234977 0.222372 0.716825 0.660842 0.484982 0.506675 -0.712792 
-0.431443 -0.036203 -0.901413 -0.540256 -0.789840 0.290304 -0.722482 0.612244 0.321212 
0.796291 -0.596118 0.102781 0.600957 0.760175 -0.246953 0.069081 0.258413 0.963561 
0.510093 0.741364 0.436101 0.113520 -0.560616 0.820258 0.852595 -0.368902 -0.370126 
0.210489 0.013713 0.977500 -0.815102 -0.549579 0.183229 0.539726 -0.835330 -0.104503 
0.709684 -0.093563 -0.698280 0.030946 -0.986046 0.163572 -0.703840 -0.137694 -0.696885 
0.503609 -0.862039 -0.057149 -0.194683 -0.177686 0.964638 -0.841710 -0.474675 -0.257308 
-0.788597 0.120892 0.602910 -0.347954 -0.896140 -0.275429 0.506995 -0.426988 0.748758 
0.189587 -0.306687 0.932738 -0.467639 -0.863505 -0.188872 0.863348 -0.400377 -0.307128 
0.622109 -0.684243 0.380515 0.178137 0.596971 0.782236 -0.762396 -0.418852 0.493270 
-0.431178 -0.420947 -0.798054 0.015362 -0.887795 0.459983 -0.902136 0.186074 0.389264 
-0.255890 -0.788472 0.559314 0.193286 -0.608624 -0.769556 0.947186 -0.088814 0.308142 
0.220683 -0.973863 0.053768 0.727712 0.201107 0.655737 -0.649411 -0.105582 0.753072 
0.984362 -0.046194 0.169990 0.154257 0.692022 -0.705203 -0.085061 0.720397 0.688326 
-0.307902 0.365735 -0.878313 -0.132819 -0.930646 -0.340966 -0.942102 0.011673 0.335124 
-0.694395 -0.465150 0.549046 0.191696 0.615849 0.764188 -0.693591 0.635898 -0.338475 
0.930616 0.141770 0.337424 -0.071392 0.974537 -0.212558 -0.358967 0.173721 0.917041 
0.887088 0.448907 -0.107502 0.323954 -0.439542 0.837769 0.328829 -0.778001 -0.535338 
0.109965 -0.141781 0.983771 -0.694407 -0.719112 -0.026018 0.711131 -0.680276 -0.177531 
-0.218737 0.039094 0.975000 -0.762147 -0.630798 -0.145691 0.609333 -0.774962 0.167774 
-0.403765 -0.850223 0.337780 0.699329 -0.048790 0.713133 -0.589841 0.524157 0.614285 
0.220735 -0.946424 0.235705 -0.153499 0.204944 0.966662 -0.963179 -0.249557 -0.100037 
0.558206 0.375174 0.740034 -0.508986 -0.549539 0.662525 0.655241 -0.746492 -0.115798 
0.454220 0.885089 0.101501 0.595461 -0.216874 -0.773558 -0.662654 0.411806 -0.625544 
-0.120125 -0.841435 -0.526836 0.447805 0.427699 -0.785203 0.886025 -0.330242 0.325422 
-0.538516 -0.694337 0.477385 0.446062 -0.715567 -0.537580 0.714863 -0.076552 0.695062 
0.011342 -0.907964 -0.418894 -0.665882 -0.319381 0.674238 -0.745971 0.271287 -0.608219 
-0.779391 -0.531698 -0.331432 0.350670 0.068184 -0.934014 0.519212 -0.844185 0.133308 
-0.144123 -0.988619 -0.043141 -0.706096 0.072196 0.704426 -0.693295 0.131986 -0.708465 
0.879088 -0.462572 0.115026 -0.476277 -0.842761 0.250826 -0.019085 -0.275282 -0.961174 
0.537636 0.807349 0.243177 -0.736963 0.590071 -0.329700 -0.409675 -0.001954 0.912230 
0.393128 0.757432 -0.521294 0.270401 0.446637 0.852877 0.878825 -0.476248 -0.029225 
-0.187620 0.369552 0.910071 -0.978530 0.010143 -0.205853 -0.085304 -0.929155 0.359715 
-0.741469 -0.254263 0.620946 -0.126761 -0.855678 -0.501745 0.658905 -0.450740 0.602228 
-0.898008 0.280229 -0.339196 -0.336283 -0.934285 0.118431 -0.283718 0.220418 0.933231 
0.110904 0.503690 0.856736 0.694531 0.577326 -0.429327 -0.710863 0.642644 -0.285800 
0.613160 -0.460765 -0.641662 -0.621322 -0.782921 -0.031524 -0.487845 0.418008 -0.766339 
0.869008 0.358394 0.341143 0.335306 -0.933560 0.126630 0.363861 0.004345 -0.931443 
-0.682109 -0.357771 0.637752 -0.703157 0.560324 -0.437729 -0.200741 -0.747018 -0.633772 
0.751107 0.650238 0.114144 0.050419 -0.228893 0.972145 0.658253 -0.724430 -0.204708 
-0.283457 -0.643049 -0.711435 0.047895 0.731444 -0.680217 0.957788 -0.226887 -0.176535 
-0.683738 -0.146703 -0.714829 0.016701 -0.982473 0.185657 -0.729536 0.115003 0.674204 
-0.499173 0.854142 0.145834 -0.791159 -0.517909 0.325326 0.353403 0.047016 0.934289 
-0.722483 0.424644 0.545615 0.417922 0.896895 -0.144642 -0.550781 0.123523 -0.825459 
0.192968 0.813780 0.548202 0.764749 -0.474779 0.435595 0.614754 0.335182 -0.713955 
0.638354 -0.285501 -0.714838 0.559582 0.809811 0.176277 0.528557 -0.512538 0.676707 
0.877915 0.275945 0.391306 0.464359 -0.689982 -0.555244 0.116777 0.669163 -0.733882 
-0.625917 0.773240 0.101626 -0.473569 -0.480366 0.738229 0.619645 0.413943 0.666851 
0.785815 -0.612520 0.085523 -0.603925 -0.789777 -0.107361 0.133305 0.032716 -0.990535 
-0.764705 -0.288299 0.576290 0.639899 -0.234457 0.731819 -0.075867 0.928393 0.363772 
-0.511051 -0.714662 0.477582 -0.583069 0.696471 0.418281 -0.631551 -0.064701 -0.772630 
-0.558704 -0.045039 -0.828144 -0.773631 -0.331569 0.539960 -0.298906 0.942355 0.150405 
-0.209949 0.714892 -0.666971 -0.399957 -0.685283 -0.608622 -0.892163 0.138980 0.429801 
-0.577768 0.690598 -0.435039 -0.461744 0.162955 0.871916 0.673035 0.704642 0.224730 
-0.103120 0.755484 -0.647001 -0.459778 -0.613010 -0.642513 -0.882027 0.231221 0.410568 
0.985519 -0.169011 -0.013676 0.137332 0.842898 -0.520253 0.099456 0.510841 0.853903 
-0.210251 0.466827 -0.858992 -0.654579 -0.719841 -0.230987 -0.726169 0.513713 0.456923 
0.995146 -0.092989 0.032219 0.046983 0.161249 -0.985795 0.086473 0.982523 0.164835 
-0.540452 -0.171115 0.823791 -0.725856 0.589966 -0.353656 -0.425493 -0.789088 -0.443054 
-0.356568 0.241747 0.902451 -0.572133 -0.820136 -0.006358 0.738596 -0.518589 0.430746 
-0.442248 0.324979 -0.835946 0.555616 0.830930 0.029086 0.704065 -0.451602 -0.548040 
0.134698 0.141385 0.980748 0.242498 0.954967 -0.170973 -0.960755 0.260860 0.094347 
0.449845 0.142717 -0.881630 -0.861244 0.330643 -0.385920 0.236428 0.932902 0.271653 
-0.495998 -0.737137 0.458928 -0.803766 0.589737 0.078553 -0.328551 -0.329909 -0.884994 
-0.291223 -0.407915 0.865329 -0.912617 -0.152821 -0.379177 0.286913 -0.900140 -0.327765 
0.050567 -0.572957 0.818024 0.960283 -0.197154 -0.197451 0.274407 0.795519 0.540232 
0.734296 0.272973 -0.621527 -0.357954 -0.622246 -0.696189 -0.576783 0.733687 -0.359201 
0.087343 0.939532 -0.331134 0.030669 0.329711 0.943584 0.995706 -0.092571 -0.000017 
-0.126958 -0.987455 -0.093889 0.075190 0.084802 -0.993557 0.989054 -0.133199 0.063480 
-0.104200 -0.108418 0.988629 -0.390869 -0.909591 -0.140947 0.914529 -0.401111 0.052402 
-0.063243 -0.319994 -0.945306 0.893356 0.404082 -0.196553 0.444877 -0.856926 0.260313 
0.251465 0.087144 -0.963935 -0.763502 0.629950 -0.142227 0.594836 0.771731 0.224945 
-0.243906 -0.543443 -0.803231 -0.873984 0.482136 -0.060808 0.420312 0.687179 -0.592556 
-0.665035 -0.746625 -0.016728 -0.069305 0.039399 0.996817 -0.743589 0.664078 -0.077946 
-0.728548 0.281580 0.624444 0.645893 -0.021200 0.763133 0.228122 0.959303 -0.166426 
-0.637600 0.634794 -0.436467 0.592760 0.042390 -0.804263 -0.492039 -0.771518 -0.403308 
0.735588 -0.524664 -0.428530 0.650008 0.368489 0.664609 -0.190788 -0.767427 0.612092 
-0.444453 -0.591175 -0.673033 -0.861446 0.075986 0.502132 -0.245707 0.802956 -0.543038 
0.260066 -0.387327 0.884502 -0.719983 -0.688176 -0.089662 0.643421 -0.613508 -0.457840 
0.277137 -0.936202 -0.216151 -0.814807 -0.109774 -0.569245 0.509200 0.333880 -0.793246 
0.066534 -0.228311 0.971312 0.302874 0.932159 0.198361 -0.950705 0.280988 0.131169 
-0.415992 0.407257 -0.813076 -0.535532 -0.832335 -0.142911 -0.734953 0.375978 0.564344 
0.434411 0.766697 0.472719 -0.431646 0.637841 -0.637840 -0.790550 0.073038 0.608027 
0.209858 0.473688 -0.855324 0.745226 0.488805 0.453550 0.632929 -0.732590 -0.250425 
0.351481 0.311772 -0.882757 0.915271 0.083804 0.394025 0.196825 -0.946454 -0.255901 
-0.780560 -0.258585 -0.569087 0.619101 -0.445449 -0.646753 -0.086259 -0.857151 0.507790 
-0.537206 -0.819888 0.197972 0.367494 -0.438789 -0.820007 0.759183 -0.367759 0.537024 
-0.933222 -0.302780 0.193448 0.277041 -0.263532 0.924013 -0.228792 0.915901 0.329816 
0.637476 0.724808 0.261301 0.455041 -0.080504 -0.886824 -0.621741 0.684231 -0.381137 
-0.613812 -0.786066 -0.073042 0.789298 -0.612891 -0.037060 -0.015635 -0.080400 0.996640 
-0.381869 0.923993 -0.020340 0.618159 0.271711 0.737599 0.687063 0.269093 -0.674932 
-0.543772 -0.706542 0.452892 0.390156 0.264959 0.881802 -0.743028 0.656198 0.131584 
0.005828 -0.996281 0.085961 0.758655 -0.051597 -0.649446 0.651467 0.069000 0.755533 
-0.376615 -0.265172 -0.887606 0.575563 -0.817757 0.000091 -0.725871 -0.510839 0.460603 
-0.480730 -0.496697 0.722627 -0.870496 0.171156 -0.461457 0.105522 -0.850881 -0.514653 
0.084523 -0.902987 -0.421273 -0.481262 0.333206 -0.810778 0.872492 0.271272 -0.406409 
-0.399896 -0.729036 0.555508 -0.624289 0.660404 0.417289 -0.671078 -0.179925 -0.719222 
0.631203 -0.257095 0.731768 0.486065 0.866337 -0.114893 -0.604420 0.428208 0.671800 
-0.276319 -0.783778 0.556183 0.491251 -0.612586 -0.619202 0.826027 0.102128 0.554301 
-0.702361 -0.352655 0.618323 0.468299 0.425269 0.774495 -0.536083 0.833535 -0.133544 
-0.272477 -0.939836 0.206068 -0.961989 0.262048 -0.076859 0.018235 -0.219178 -0.975515 
-0.072162 -0.955785 -0.285074 -0.823083 -0.104362 0.558250 -0.563318 0.274923 -0.779160 
-0.396663 -0.603059 -0.692082 -0.915403 0.316138 0.249185 0.068520 0.732377 -0.677443 
-0.569988 -0.173552 0.803115 -0.797431 0.352428 -0.489795 -0.198036 -0.919605 -0.339275 
-0.504207 0.235523 -0.830846 -0.085909 -0.970999 -0.223118 -0.859299 -0.041120 0.509817 
-0.010528 0.603798 0.797068 -0.856437 -0.416892 0.304494 0.516144 -0.679433 0.521504 
-0.007847 0.944950 0.327119 -0.070939 0.325779 -0.942781 -0.997450 -0.030604 0.064478 
-0.656616 0.734554 0.171133 -0.337666 -0.489188 0.804162 0.674417 0.470240 0.569242 
0.849842 -0.505906 0.147745 -0.459070 -0.848266 -0.264007 0.258890 0.156539 -0.953138 
0.758996 -0.271418 0.591825 -0.651090 -0.312934 0.691486 -0.002479 -0.910167 -0.414234 
-0.644034 0.653531 -0.397639 -0.199520 0.358304 0.912036 0.738520 0.666719 -0.100367 
0.363736 -0.047918 0.930269 0.051376 0.998188 0.031329 -0.930084 0.036398 0.365539 
-0.385002 -0.527973 0.756980 -0.455052 0.822170 0.342001 -0.802933 -0.212794 -0.556792 
-0.119277 -0.195728 -0.973377 -0.097177 -0.973368 0.207634 -0.988094 0.119356 0.097080 
-0.866444 0.366617 -0.338919 -0.141529 -0.831332 -0.537453 -0.478794 -0.417706 0.772190 
-0.206894 -0.312479 -0.927120 0.905199 -0.420701 -0.060208 -0.371226 -0.851685 0.369897 
-0.856664 0.022610 -0.515379 -0.346991 -0.764526 0.543229 -0.381739 0.644196 0.662787 
-0.149545 -0.987480 -0.050188 -0.642456 0.058460 0.764090 -0.751589 0.146509 -0.643155 
-0.266851 0.682588 -0.680341 -0.963499 -0.204681 0.172558 -0.021467 0.701555 0.712292 
-0.028730 0.849663 0.526542 0.293526 0.510708 -0.808096 -0.955519 0.131337 -0.264070 
-0.290912 0.442543 -0.848249 0.933491 0.325592 -0.150281 0.209677 -0.835551 -0.507829 
0.255291 0.905510 0.338937 0.923993 -0.125261 -0.361312 -0.284716 0.405415 -0.868663 
0.332267 -0.274715 -0.902292 -0.685279 -0.727628 -0.030816 -0.648067 0.628561 -0.430024 
-0.029144 -0.014564 -0.999469 0.983372 -0.179726 -0.026055 -0.179252 -0.983609 0.019560 
-0.980032 -0.105020 -0.168845 0.092622 -0.992505 0.079722 -0.175952 0.062491 0.982413 
0.405183 -0.780372 -0.476283 0.047476 0.538221 -0.841466 0.913002 0.318335 0.255127 
0.007050 0.733423 0.679736 -0.996032 0.065456 -0.060296 -0.088716 -0.676614 0.730974 
-0.751316 0.272924 0.600864 -0.644225 -0.105785 -0.757485 -0.143174 -0.956202 0.255303 
0.976443 0.058978 0.207559 -0.116444 0.953857 0.276763 -0.181659 -0.294413 0.938254 
-0.622617 0.298032 -0.723550 0.680500 0.662725 -0.312594 0.386352 -0.687002 -0.615435 
-0.374549 0.458629 -0.805837 0.098127 0.883827 0.457407 0.922000 0.092247 -0.376040 
0.452927 0.371991 0.810234 -0.850132 0.453973 0.266804 -0.268576 -0.809648 0.521858 
-0.937485 0.284626 -0.200273 -0.232256 -0.083100 0.969098 0.259188 0.955030 0.144011 
0.636113 0.573154 0.516580 -0.595220 0.790527 -0.144154 -0.490993 -0.215780 0.844017 
0.534774 0.124583 0.835760 -0.812466 0.347600 0.468054 -0.232198 -0.929330 0.287107 
-0.492091 0.782931 0.380612 -0.115368 -0.492006 0.862914 0.862865 0.380722 0.332437 
0.447314 -0.352664 0.821911 0.688969 0.721849 -0.065233 -0.570291 0.595451 0.565868 
-0.766076 0.305649 -0.565425 -0.619929 -0.119031 0.775577 0.169752 0.944675 0.280667 
-0.427137 -0.534578 0.729233 -0.455761 -0.569265 -0.684265 0.780920 -0.624631 -0.000486 
0.033970 -0.854345 0.518594 -0.968538 0.099858 0.227951 -0.246535 -0.510022 -0.824074 
-0.332354 0.720455 0.608675 0.585623 0.663520 -0.465604 -0.739315 0.201709 -0.642438 
-0.176476 0.015084 0.984189 0.290785 0.956054 0.037488 -0.940373 0.292803 -0.173106 
-0.177417 0.896431 0.406122 -0.979245 -0.201893 0.017848 0.097993 -0.394527 0.913644 
0.612719 0.003015 0.790295 0.082739 -0.994742 -0.060353 0.785958 0.102368 -0.609747 
0.601953 0.671162 -0.432658 -0.548550 0.741296 0.386746 0.580297 0.004532 0.814392 
-0.747695 -0.152255 0.646352 0.608354 0.233128 0.758655 -0.266192 0.960453 -0.081684 
0.500100 -0.081875 -0.862089 -0.000230 -0.995533 0.094415 -0.865968 -0.047018 -0.497885 
-0.622106 -0.179590 -0.762058 0.396690 0.766850 -0.504557 0.674998 -0.616188 -0.405820 
0.445137 0.810091 -0.381583 0.852311 -0.252605 0.457991 0.274625 -0.529096 -0.802894 
-0.954958 0.296156 0.018628 0.285572 0.934262 -0.213547 -0.080647 -0.198608 -0.976755 
0.430806 -0.789058 0.437942 -0.873818 -0.243471 0.420908 -0.225495 -0.564012 -0.794382 
0.781184 0.360034 -0.510026 -0.421266 -0.298933 -0.856256 -0.460745 0.883750 -0.081851 
0.612753 0.449813 -0.649770 0.433715 0.495909 0.752307 0.660625 -0.742794 0.108779 
0.904755 0.374525 0.202851 0.375868 -0.478026 -0.793861 -0.200353 0.794495 -0.573268 
-0.224651 -0.654152 -0.722231 0.390926 -0.739419 0.548121 -0.892585 -0.159203 0.421836 
-0.669840 -0.724619 0.161992 0.376042 -0.519189 -0.767486 0.640240 -0.453177 0.620261 
-0.905645 0.423574 -0.019805 -0.420819 -0.903535 -0.080848 -0.052140 -0.064885 0.996530 
-0.211079 0.441439 -0.872111 0.906658 -0.244983 -0.343444 -0.365262 -0.863201 -0.348523 
0.768597 0.021728 0.639364 -0.538199 -0.518314 0.664599 0.345832 -0.854914 -0.386681 
0.436899 -0.387781 -0.811631 0.141344 -0.861498 0.487692 -0.888336 -0.327791 -0.321577 
-0.682996 -0.298894 0.666467 0.112934 0.858256 0.500642 -0.721638 0.417203 -0.552430 
0.383935 0.566015 0.729535 0.226407 0.708260 -0.668661 -0.895173 0.421894 0.143776 
-0.028609 -0.582861 -0.812068 0.687326 -0.601341 0.407397 -0.725786 -0.546500 0.417819 
-0.437598 -0.173303 0.882312 -0.281056 -0.905721 -0.317296 0.854117 -0.386827 0.347634 
-0.338492 0.263015 -0.903463 -0.656461 -0.753895 0.026477 -0.674152 0.602051 0.427847 
