0.092182 0.920864 0.378830 0.555862 -0.363241 0.747712 0.826147 0.141652 -0.545358 
-0.209310 0.422538 0.881845 -0.504179 0.726074 -0.467569 -0.837850 -0.542475 0.061061 
-0.945966 0.095282 -0.309951 -0.299868 -0.620797 0.724355 -0.123399 0.778160 0.615825 
-0.567519 0.805292 -0.171546 0.823100 0.560128 -0.093609 0.020705 -0.194324 -0.980719 
-0.996471 -0.078116 0.030713 -0.073439 0.988571 0.131659 -0.040647 0.128939 -0.990819 
-0.809135 -0.514428 0.284015 -0.066414 0.560291 0.825629 -0.583858 0.649182 -0.487517 
-0.785413 -0.327693 0.525114 0.618660 -0.442547 0.649162 0.019662 0.834727 0.550313 
-0.658504 0.229877 -0.716610 0.735309 -0.006285 -0.677703 -0.160292 -0.973199 -0.164892 
-0.290077 0.717962 -0.632760 -0.956206 -0.190451 0.222259 0.039063 0.669521 0.741765 
0.960738 0.128757 0.245770 -0.089593 0.982316 -0.164402 -0.262592 0.135928 0.955285 
0.021964 -0.872539 0.488050 0.581904 0.408115 0.703442 -0.812961 0.268547 0.516698 
0.512240 -0.692232 -0.508355 0.685317 0.686204 -0.243856 0.517640 -0.223472 0.825899 
0.839912 -0.542592 0.011862 -0.015082 -0.001487 0.999885 -0.542512 -0.839995 -0.009432 
-0.244609 -0.885839 0.394278 -0.679050 0.446767 0.582487 -0.692140 -0.125253 -0.710812 
0.582346 0.538401 -0.609096 -0.496478 0.828834 0.257960 0.643725 0.152181 0.749973 
-0.752881 -0.435994 0.493030 0.483028 0.142794 0.863883 -0.447050 0.888549 0.103090 
0.896896 0.437429 -0.065063 -0.399243 0.737601 -0.544564 -0.190218 0.514393 0.836192 
-0.291439 0.483298 -0.825522 0.660987 0.725570 0.191429 0.691491 -0.489869 -0.530913 
0.797624 -0.571227 -0.193637 0.349305 0.699199 -0.623785 0.491713 0.429908 0.757230 
0.918734 -0.392281 -0.045208 -0.166982 -0.282206 -0.944710 0.357833 0.875486 -0.324776 
0.048007 -0.864721 0.499952 0.954847 -0.107191 -0.277086 0.293193 0.490680 0.820531 
0.263950 0.420922 -0.867845 0.126317 0.876919 0.463742 0.956229 -0.232029 0.178294 
0.403753 0.419386 -0.813080 0.911442 -0.261237 0.317851 -0.079104 -0.869408 -0.487721 
-0.043697 -0.550605 0.833621 0.976238 -0.200807 -0.081460 0.212250 0.810253 0.546296 
0.645901 -0.700480 -0.303545 0.733211 0.679943 -0.008911 0.212636 -0.216807 0.952775 
0.972246 -0.232089 -0.029523 -0.090452 -0.489256 0.867437 -0.215767 -0.840692 -0.496671 
-0.977377 0.190285 -0.092340 -0.209617 -0.813223 0.542890 0.028211 0.549963 0.834712 
-0.977194 -0.042191 0.208115 0.199927 -0.513084 0.834730 0.071562 0.857301 0.509818 
-0.848866 0.461770 -0.257282 -0.524328 -0.797337 0.298887 -0.067123 0.388616 0.918952 
0.888377 0.403244 0.219498 0.188073 0.116503 -0.975221 -0.418825 0.907646 0.027659 
0.001062 0.824439 -0.565950 0.954223 -0.170108 -0.246011 -0.299094 -0.539782 -0.786879 
0.251689 -0.947416 -0.197623 -0.957660 -0.214308 -0.192250 0.139788 0.237643 -0.961241 
0.797115 0.403325 -0.449374 0.475302 0.039898 0.878918 0.372418 -0.914187 -0.159898 
0.045221 -0.777483 0.627276 0.273098 -0.594378 -0.756394 0.960923 0.205513 0.185451 
0.020478 -0.827592 0.560957 0.488729 -0.481183 -0.727741 0.872195 0.289059 0.394614 
-0.728741 -0.384846 -0.566419 0.619192 -0.017047 -0.785055 0.292469 -0.922824 0.250716 
0.384301 0.243397 -0.890545 -0.646823 -0.617299 -0.447842 -0.658736 0.748131 -0.079794 
-0.437496 0.230093 -0.869284 0.055018 0.971747 0.229524 0.897536 0.052590 -0.437794 
-0.177137 0.135793 -0.974773 -0.455005 0.866935 0.203455 0.872693 0.479566 -0.091780 
-0.490955 0.792623 0.361541 -0.420748 0.147661 -0.895079 -0.762846 -0.591561 0.261000 
0.848088 0.156178 0.506316 0.311972 -0.919562 -0.238911 0.428277 0.360574 -0.828593 
-0.588054 0.576947 0.566855 0.654831 -0.071764 0.752361 0.474752 0.813623 -0.335602 
0.515052 -0.363412 0.776307 0.244712 0.930324 0.273154 -0.821485 0.049283 0.568097 
-0.070133 0.980773 -0.182114 -0.691262 0.083839 0.717724 0.719193 0.176225 0.672091 
0.043205 0.092696 -0.994757 -0.382179 -0.918421 -0.102182 -0.923078 0.384590 -0.004254 
-0.761188 -0.488248 -0.426857 -0.647754 0.540156 0.537258 -0.031746 0.685453 -0.727425 
-0.353396 -0.474079 -0.806449 0.928372 -0.283756 -0.240016 -0.115049 -0.833506 0.540400 
-0.426484 -0.585033 -0.689817 0.294095 0.631521 -0.717418 0.855348 -0.508839 -0.097278 
0.447538 0.779176 -0.438856 0.812661 -0.149547 0.563222 0.373220 -0.608704 -0.700134 
-0.790397 -0.556621 0.255824 0.430706 -0.207976 0.878202 -0.435620 0.804313 0.404124 
-0.396440 -0.736609 0.547944 -0.055104 0.614865 0.786705 -0.916405 0.281687 -0.284347 
0.932524 -0.143304 0.331455 -0.360346 -0.428864 0.828388 0.023438 -0.891930 -0.451565 
-0.769607 -0.407739 -0.491381 -0.592916 0.741958 0.312969 0.236974 0.532210 -0.812770 
-0.719046 0.657719 0.224450 0.188465 0.495411 -0.847968 -0.668919 -0.567427 -0.480180 
0.754986 0.532572 -0.382574 0.646455 -0.506662 0.570429 0.109959 -0.677983 -0.726807 
0.822829 -0.546309 -0.156519 -0.562966 -0.745992 -0.355759 0.077592 0.380843 -0.921378 
0.893358 0.225182 -0.388850 0.156846 -0.967209 -0.199765 -0.421082 0.117472 -0.899383 
-0.777121 -0.624308 -0.079517 0.605063 -0.775905 0.178523 -0.173151 0.090621 0.980717 
-0.327808 0.135492 -0.934978 0.170977 0.981829 0.082336 0.929144 -0.132869 -0.345017 
0.110244 0.826585 0.551908 0.308651 0.499367 -0.809548 -0.944765 0.259595 -0.200074 
0.281245 0.482926 0.829267 0.959420 -0.123164 -0.253661 -0.020364 0.866956 -0.497968 
0.567742 0.731152 -0.378268 -0.789413 0.353247 -0.502040 -0.233445 0.583638 0.777734 
-0.329534 0.684919 -0.649841 -0.194326 -0.722753 -0.663224 -0.923929 -0.092274 0.371269 
0.267717 -0.126040 -0.955218 -0.068017 -0.991406 0.111751 -0.961094 0.035054 -0.273989 
0.952836 0.170439 -0.251107 -0.221082 0.956652 -0.189575 0.207911 0.236149 0.949214 
0.887337 0.293755 -0.355444 -0.343581 -0.092921 -0.934515 -0.307547 0.951354 0.018476 
-0.547368 -0.143702 0.824462 0.439842 -0.887514 0.137324 0.711988 0.437800 0.549003 
0.186600 -0.686980 0.702310 -0.459486 0.570834 0.680457 -0.868362 -0.449675 -0.209140 
-0.081081 -0.655483 -0.750845 -0.592334 0.637551 -0.492615 0.801603 0.404809 -0.439958 
-0.885093 -0.168813 0.433720 0.076703 -0.972066 -0.221821 0.459050 -0.163064 0.873317 
0.683929 0.164264 0.710816 0.023386 0.968885 -0.246403 -0.729174 0.185145 0.658807 
0.573123 0.807066 -0.142037 0.114531 -0.250516 -0.961314 -0.811427 0.534683 -0.236010 
0.907193 -0.292684 -0.302219 0.419683 0.579315 0.698756 -0.029435 -0.760743 0.648385 
-0.335638 -0.467482 0.817807 -0.901545 -0.092248 -0.422737 0.273063 -0.879176 -0.390494 
0.632415 0.718469 -0.289576 0.773705 -0.604128 0.190816 -0.037846 -0.344721 -0.937942 
-0.951012 -0.276152 0.138985 0.016436 0.403765 0.914715 -0.308718 0.872189 -0.379447 
0.443899 -0.791780 -0.419569 -0.734187 -0.589812 0.336290 -0.513735 0.158764 -0.843131 
0.333243 -0.850838 0.406232 0.651550 -0.103613 -0.751497 0.681492 0.515111 0.519835 
-0.203448 0.977289 -0.059284 0.804130 0.201329 0.559322 0.558555 0.066121 -0.826828 
-0.038705 -0.478557 0.877203 -0.652498 0.676969 0.340529 -0.756801 -0.559193 -0.338460 
0.727605 -0.537617 -0.426099 0.651099 0.736805 0.182174 0.216012 -0.409983 0.886145 
-0.018145 -0.314123 -0.949209 -0.818573 0.549803 -0.166299 0.574116 0.773979 -0.267109 
-0.950322 -0.214229 0.225821 -0.304646 0.789006 -0.533536 -0.063875 -0.575826 -0.815073 
-0.750549 -0.202954 -0.628877 -0.597915 0.613798 0.515508 0.281379 0.762929 -0.582035 
0.340339 0.880530 -0.329903 0.927129 -0.255717 0.273935 0.156846 -0.399093 -0.903396 
-0.619999 -0.738756 -0.264274 0.738605 -0.435916 -0.514237 0.264695 -0.514021 0.815916 
0.630521 0.331529 0.701806 0.195302 0.807331 -0.556843 -0.751199 0.488165 0.444291 
0.012559 -0.906903 -0.421151 -0.985925 0.058992 -0.156436 0.166717 0.417188 -0.893398 
0.478940 -0.872010 0.101072 0.870310 0.486726 0.075227 -0.114793 0.051935 0.992031 
0.813421 -0.525363 -0.249679 0.051132 -0.362997 0.930386 -0.579423 -0.769563 -0.268407 
-0.748429 0.546369 -0.375945 -0.547847 -0.828795 -0.113855 -0.373788 0.120748 0.919621 
-0.529166 0.728887 -0.434405 -0.566584 0.077576 0.820344 0.631638 0.680225 0.371925 
0.440038 0.883327 0.161557 -0.023522 0.191189 -0.981271 -0.897671 0.427997 0.104908 
-0.667917 0.117348 -0.734926 0.176438 0.984307 -0.003183 0.723019 -0.131795 -0.678140 
-0.771887 0.621092 0.135776 0.218558 0.058683 0.974058 0.597012 0.781537 -0.181041 
-0.029359 0.975315 -0.218860 -0.501926 0.174963 0.847029 0.864412 0.134720 0.484399 
-0.832662 0.552974 0.029896 0.197976 0.347659 -0.916482 -0.517184 -0.757201 -0.398958 
-0.945111 -0.056122 -0.321894 0.283955 -0.628478 -0.724144 -0.161663 -0.775800 0.609918 
0.048583 0.987785 -0.148056 0.975311 -0.078886 -0.206266 -0.215426 -0.134380 -0.967230 
-0.364609 0.576073 -0.731573 -0.921327 -0.109311 0.373104 0.134966 0.810056 0.570608 
0.553617 -0.617966 0.558235 0.476677 0.784809 0.396048 -0.682852 0.046839 0.729054 
-0.827649 -0.425416 0.366084 -0.560036 0.583187 -0.588433 0.036833 -0.692036 -0.720923 
-0.158396 -0.312032 -0.936775 -0.864162 0.502760 -0.021347 0.477634 0.806144 -0.349282 
0.426656 -0.448771 -0.785219 0.888987 0.367769 0.272851 0.166331 -0.814464 0.555862 
0.708609 0.563409 -0.424788 -0.031033 -0.576554 -0.816469 -0.704919 0.591740 -0.391067 
0.793573 0.570517 0.211547 -0.245106 0.617939 -0.747044 -0.556924 0.540983 0.630217 
-0.421005 -0.906886 -0.017674 -0.849241 0.387249 0.358925 -0.318660 0.166119 -0.933199 
0.442984 -0.825988 0.348582 0.356096 0.518933 0.777113 -0.822776 -0.220120 0.524010 
0.703448 0.705377 0.087203 -0.468316 0.552297 -0.689673 -0.534641 0.444311 0.718851 
-0.991709 -0.023993 -0.126245 -0.099120 -0.482422 0.870313 -0.081784 0.875610 0.476044 
-0.515140 -0.756751 0.402440 0.773188 -0.612919 -0.162824 0.369880 0.227285 0.900850 
0.542965 0.455561 -0.705446 0.200826 0.745243 0.635832 0.815388 -0.486906 0.313152 
-0.656094 -0.678610 -0.330196 0.098486 -0.510780 0.854051 -0.748225 0.527818 0.401953 
-0.151647 -0.836799 0.526091 -0.124777 -0.511782 -0.850006 0.980527 -0.194545 -0.026803 
-0.977964 0.202693 0.050018 -0.085621 -0.170889 -0.981563 -0.190408 -0.964216 0.184478 
0.853771 -0.404595 -0.327685 -0.496667 -0.821717 -0.279470 -0.156192 0.401354 -0.902507 
0.866923 -0.025896 -0.497768 0.490617 0.220584 0.842993 0.087970 -0.975024 0.203935 
-0.375018 0.838798 0.394689 0.375045 -0.252080 0.892075 0.847764 0.482570 -0.220052 
-0.285173 -0.473002 -0.833634 0.808467 -0.585885 0.055866 -0.514838 -0.658034 0.549484 
-0.645747 -0.319806 0.693351 -0.010042 0.911539 0.411092 -0.763486 0.258499 -0.591834 
0.594264 0.311767 0.741385 0.800432 -0.319211 -0.507359 0.078480 0.894933 -0.439244 
0.674150 -0.366364 -0.641326 -0.019724 0.859067 -0.511484 0.738331 0.357466 0.571914 
0.927262 -0.373880 0.019992 0.369632 0.922620 0.110201 -0.059647 -0.094796 0.993708 
-0.155800 -0.976806 -0.146892 0.769068 -0.026632 -0.638611 0.619887 -0.212466 0.755380 
-0.566000 -0.744270 -0.354552 0.670262 -0.665840 0.327728 -0.479992 -0.052149 0.875721 
-0.084404 -0.191383 -0.977880 -0.918464 0.395501 0.001872 0.386394 0.898305 -0.209160 
0.791168 -0.328409 0.515946 -0.395916 0.367978 0.841334 -0.466159 -0.869908 0.161110 
0.128810 0.670217 0.730902 0.893455 -0.398237 0.207715 0.430287 0.626272 -0.650105 
0.235199 0.167585 -0.957390 0.799752 -0.593139 0.092647 -0.552339 -0.787465 -0.273532 
-0.111158 0.691833 -0.713450 -0.530307 -0.648440 -0.546169 -0.840487 0.317637 0.438963 
-0.874932 0.468523 -0.122393 0.216034 0.603859 0.767257 0.433386 0.644857 -0.629552 
-0.151330 0.937959 0.311981 -0.585271 0.169325 -0.792961 -0.796591 -0.302592 0.523337 
0.534755 0.386465 0.751453 0.000579 0.889119 -0.457677 -0.845007 0.245180 0.475237 
-0.190204 0.943425 -0.271611 0.717934 -0.055040 -0.693932 -0.669622 -0.326987 -0.666848 
-0.986982 0.156460 0.037234 0.111788 0.833829 -0.540585 -0.115626 -0.529386 -0.840465 
-0.579160 0.434077 0.690036 0.672690 0.732616 0.103738 -0.460502 0.524261 -0.716302 
-0.408045 0.497746 0.765342 0.508566 0.820120 -0.262227 -0.758195 0.282227 -0.587783 
-0.855148 0.310591 -0.415037 -0.493314 -0.241613 0.835622 0.159259 0.919324 0.359834 
0.993656 0.068231 -0.089403 0.112456 -0.612728 0.782252 -0.001406 -0.787343 -0.616514 
0.750237 -0.410783 -0.518075 -0.238726 -0.899015 0.367126 -0.616566 -0.151754 -0.772539 
0.280623 0.882788 0.376743 -0.934954 0.340178 -0.100694 -0.217052 -0.323981 0.920828 
-0.358472 -0.210949 0.909394 -0.645182 0.760035 -0.078020 -0.674713 -0.614693 -0.408552 
-0.284994 -0.769314 -0.571782 -0.494095 0.629069 -0.600119 0.821370 0.111484 -0.559395 
-0.542223 0.839523 0.034570 -0.384156 -0.284287 0.878411 0.747274 0.463014 0.476655 
0.098133 -0.791066 -0.603809 -0.102532 -0.611545 0.784538 -0.989877 -0.015079 -0.141122 
-0.674581 0.722551 -0.151195 0.723808 0.607159 -0.327812 -0.145061 -0.330572 -0.932566 
-0.277066 -0.090512 -0.956578 0.111816 -0.991827 0.061461 -0.954323 -0.089932 0.284922 
-0.265073 -0.828883 -0.492635 0.759996 -0.494032 0.422301 -0.593415 -0.262460 0.760903 
-0.721809 -0.331574 -0.607495 0.539718 0.279792 -0.793990 0.433239 -0.900986 -0.023000 
-0.332253 -0.759436 -0.559344 0.504595 -0.644152 0.574850 -0.796864 -0.091246 0.597228 
0.562894 0.584419 0.584470 0.691778 0.053863 -0.720099 -0.452321 0.809662 -0.373969 
0.319751 -0.455998 -0.830557 -0.812355 -0.583117 0.007404 -0.487688 0.672340 -0.556884 
0.693558 -0.420766 -0.584751 -0.247631 0.622996 -0.741994 0.676503 0.659418 0.327889 
0.774627 -0.528164 -0.347845 -0.466377 -0.848564 0.249861 -0.427136 -0.031323 -0.903644 
-0.978721 0.203661 -0.025038 0.145584 0.775200 0.614712 0.144602 0.597986 -0.788354 
-0.816877 0.548608 0.178160 0.574481 0.746052 0.336717 0.051809 0.377405 -0.924598 
-0.724894 0.270553 -0.633506 0.091058 -0.873939 -0.477429 -0.682816 -0.403771 0.608877 
0.696595 -0.663533 0.272909 -0.147375 0.239937 0.959537 -0.702165 -0.708629 0.069351 
-0.506535 0.674078 -0.537626 0.686418 -0.062075 -0.724553 -0.521778 -0.736048 -0.431256 
-0.607437 0.769911 0.195593 -0.769793 -0.509752 -0.384152 -0.196059 -0.383914 0.902314 
-0.620554 -0.780342 0.077323 -0.716302 0.604214 0.349051 -0.319099 0.161218 -0.933908 
0.522141 0.850958 0.056913 -0.650477 0.354191 0.671884 0.551587 -0.387838 0.738467 
-0.673683 -0.737042 -0.054032 0.729808 -0.675013 0.108337 -0.116321 0.033552 0.992645 
-0.455664 -0.887515 0.068466 0.090167 0.030500 0.995460 -0.885573 0.459768 0.066127 
-0.378494 -0.191119 -0.905657 -0.442675 0.896672 -0.004219 0.812884 0.399315 -0.423989 
-0.485698 -0.744705 -0.457725 -0.034580 0.539597 -0.841213 0.873442 -0.392747 -0.287833 
0.339864 -0.705673 -0.621705 0.195119 -0.593764 0.780623 -0.920011 -0.386612 -0.064109 
-0.629547 0.298887 0.717173 -0.494217 0.558191 -0.666462 -0.599517 -0.774009 -0.203693 
-0.148315 0.120514 -0.981570 -0.921057 0.344559 0.181475 0.360079 0.930997 0.059897 
0.635986 0.361663 0.681705 -0.132732 0.921481 -0.365041 -0.760200 0.141676 0.634053 
-0.781884 0.507253 0.362424 0.393106 0.852358 -0.344895 -0.483865 -0.127197 -0.865850 
0.385607 -0.397197 0.832791 0.191345 0.917398 0.348951 -0.902604 0.024792 0.429757 
-0.514931 0.353696 0.780862 0.458342 -0.656173 0.599466 0.724409 0.666585 0.175770 
0.297341 0.878368 -0.374243 -0.717709 -0.052876 -0.694332 -0.629668 0.475052 0.614691 
-0.835187 -0.208500 -0.508911 0.086624 0.863928 -0.496110 0.543101 -0.458429 -0.703480 
0.324631 -0.945840 0.001013 0.945824 0.324618 -0.006237 0.005570 0.002983 0.999980 
0.597246 0.743479 0.300893 -0.155004 0.475071 -0.866188 -0.786938 0.470687 0.398976 
-0.529008 -0.253861 -0.809756 -0.787941 0.501264 0.357608 0.315119 0.827218 -0.465200 
-0.584154 -0.490020 -0.647027 0.807844 -0.273991 -0.521840 0.078432 -0.827532 0.555913 
-0.189102 0.740185 0.645265 -0.363638 0.557616 -0.746211 -0.912145 -0.375753 0.163713 
0.781443 0.596611 0.182763 -0.188342 0.504766 -0.842459 -0.594873 0.623912 0.506814 
0.466445 -0.713377 0.522994 -0.882329 -0.417114 0.217972 0.062652 -0.563124 -0.823994 
-0.958885 0.274410 -0.072379 -0.281800 -0.890470 0.357283 0.033591 0.362990 0.931187 
-0.606874 0.749961 0.263175 0.473571 0.075274 0.877533 0.638306 0.657185 -0.400842 
0.085702 -0.440533 0.893636 -0.205730 -0.885431 -0.416758 0.974849 -0.148130 -0.166514 
-0.509531 -0.048930 0.859060 -0.617983 0.715513 -0.325789 -0.598728 -0.696884 -0.394814 
-0.323608 0.930129 -0.173602 0.912101 0.257848 -0.318727 -0.251694 -0.261485 -0.931813 
0.947511 -0.316423 -0.045832 0.200633 0.476829 0.855792 -0.248938 -0.820068 0.515285 
0.408472 -0.912597 -0.017794 0.352108 0.139556 0.925496 -0.842122 -0.384305 0.378338 
0.788541 -0.588369 0.178955 -0.303327 -0.118967 0.945431 -0.534973 -0.799793 -0.272278 
0.943978 -0.185220 -0.273129 -0.294138 -0.096967 -0.950831 0.149628 0.977901 -0.146014 
-0.139939 -0.685588 -0.714413 -0.779152 -0.368991 0.506723 -0.611015 0.627546 -0.482541 
-0.856154 -0.511691 0.071916 0.021307 0.104099 0.994339 -0.516281 0.852840 -0.078223 
-0.961529 -0.040857 -0.271648 -0.269994 0.322887 0.907109 0.050650 0.945555 -0.321497 
0.788705 0.431387 0.438006 -0.584249 0.747666 0.315672 -0.191305 -0.504877 0.841725 
-0.342545 0.069049 0.936961 0.420052 0.903320 0.086997 -0.840368 0.423373 -0.338432 
-0.832831 -0.369486 0.412157 0.544466 -0.681005 0.489683 0.099749 0.632228 0.768334 
0.785951 0.526627 0.323953 0.525807 -0.844951 0.097903 0.325282 0.093390 -0.940994 
-0.009306 -0.856301 -0.516393 0.324753 -0.491010 0.808359 -0.945753 -0.160177 0.282656 
-0.383071 0.238231 0.892470 0.923037 0.135851 0.359928 -0.035496 0.961660 -0.271936 
-0.053386 -0.703936 -0.708254 0.680016 0.493764 -0.542011 0.731251 -0.510560 0.452327 
0.455870 -0.540118 0.707429 -0.612929 0.385813 0.689541 -0.645369 -0.747944 -0.155173 
-0.457005 -0.177728 0.871527 -0.319050 -0.881874 -0.347139 0.830273 -0.436705 0.346317 
-0.186341 -0.172700 0.967188 -0.790522 0.610907 -0.043222 -0.583397 -0.772637 -0.250360 
0.588022 0.622803 -0.516087 0.702701 -0.709328 -0.055355 -0.400551 -0.330105 -0.854746 
-0.741621 -0.670400 -0.023711 0.123606 -0.171308 0.977433 -0.659333 0.721954 0.209911 
-0.651485 0.758037 0.030776 0.749319 0.649279 -0.130219 -0.118693 -0.061775 -0.991007 
-0.741301 -0.375167 -0.556527 -0.146694 -0.718573 0.679805 -0.654945 0.585579 0.477644 
0.916628 0.179336 -0.357256 0.273962 0.368983 0.888142 0.291097 -0.911970 0.289089 
0.516602 -0.489486 -0.702514 0.184753 0.864875 -0.466752 0.836056 0.111333 0.537230 
0.293995 -0.253253 0.921645 0.100288 -0.950763 -0.293245 0.950531 0.178642 -0.254122 
0.572687 0.591751 0.567328 0.557414 -0.788537 0.259805 0.601099 0.167449 -0.781435 
0.618155 0.705287 0.347066 -0.764333 0.642393 0.055910 -0.183520 -0.299835 0.936173 
0.161134 0.931043 -0.327405 -0.938491 0.247204 0.241092 0.305403 0.268419 0.913608 
-0.112305 0.967226 -0.227730 0.946700 0.034517 -0.320262 -0.301905 -0.251559 -0.919550 
0.903138 0.413317 0.116240 0.387147 -0.901002 0.195735 0.185633 -0.131774 -0.973743 
-0.521316 0.312692 0.794011 -0.708324 0.360363 -0.606973 -0.475928 -0.878841 0.033624 
-0.715327 -0.095953 -0.692170 -0.397158 -0.759166 0.515686 -0.574954 0.643786 0.504944 
-0.355230 -0.871516 -0.338040 0.295502 -0.447777 0.843904 -0.886843 0.199889 0.416599 
0.302449 0.451766 0.839304 0.931636 0.045982 -0.360472 -0.201442 0.890951 -0.406974 
-0.083804 0.620013 -0.780103 -0.500894 0.650556 0.570861 0.861442 0.438589 0.256042 
-0.846759 -0.046603 0.529932 0.485187 -0.476170 0.733387 0.218159 0.878117 0.425813 
0.405785 0.474583 0.781095 0.870140 0.060873 -0.489030 -0.279633 0.878103 -0.388252 
0.330334 -0.937100 0.112798 0.839318 0.346308 0.419066 -0.431770 -0.043758 0.900922 
0.430152 0.808611 0.401394 0.824951 -0.532666 0.189005 0.366641 0.249830 -0.896192 
-0.558649 -0.823947 -0.094987 0.802992 -0.508629 -0.310644 0.207641 -0.249815 0.945768 
-0.390953 -0.878072 0.275943 -0.857644 0.456351 0.237045 -0.334069 -0.143987 -0.931486 
-0.638166 -0.769769 0.014139 -0.750336 0.617731 -0.235379 0.172453 -0.160820 -0.971801 
0.959348 -0.269577 -0.083545 -0.068894 0.063376 -0.995609 0.273688 0.960891 0.042228 
0.664535 0.747005 0.019406 -0.737349 0.651288 0.179275 0.121280 -0.133443 0.983608 
-0.036156 0.817194 -0.575228 0.089831 0.575932 0.812547 0.995300 -0.022295 -0.094233 
0.362235 0.931641 -0.028813 0.221518 -0.116074 -0.968223 -0.905381 0.344342 -0.248421 
0.382418 0.916019 0.121102 -0.681520 0.191131 0.706399 0.623928 -0.352673 0.697378 
0.784163 -0.579893 -0.220937 -0.460851 -0.305764 -0.833141 0.415578 0.755137 -0.507013 
-0.612990 0.447351 -0.651246 0.777459 0.194726 -0.598029 -0.140715 -0.872903 -0.467162 
0.345832 0.212978 -0.913806 -0.479391 0.877299 0.023043 0.806588 0.430101 0.405498 
-0.911827 0.074118 -0.403830 0.191749 -0.792843 -0.578474 -0.363049 -0.604902 0.708723 
0.038809 0.991199 -0.126567 -0.786409 0.108441 0.608113 0.616486 0.075933 0.783696 
0.478818 -0.079705 0.874288 -0.520677 0.776033 0.355904 -0.706844 -0.625635 0.330079 
-0.801954 0.597375 -0.003448 -0.571153 -0.768418 -0.288647 -0.175080 -0.229512 0.957429 
-0.101189 0.872314 0.478361 0.427904 0.472242 -0.770640 -0.898142 0.126712 -0.421052 
0.222240 -0.362463 0.905113 -0.234420 0.881232 0.410459 -0.946391 -0.303397 0.110876 
-0.057393 0.997630 0.037966 0.029659 -0.036308 0.998900 0.997911 0.058456 -0.027505 
-0.587230 -0.669312 -0.455172 0.267640 0.370151 -0.889582 0.763891 -0.644212 -0.038229 
-0.791249 0.056704 -0.608860 0.607433 -0.041686 -0.793276 -0.070363 -0.997520 -0.001460 
0.575276 0.623578 0.529347 0.644428 0.053040 -0.762823 -0.503756 0.779960 -0.371338 
0.505766 -0.384567 -0.772211 -0.262711 -0.921283 0.286741 -0.821695 0.057845 -0.566984 
-0.731083 0.205515 -0.650600 -0.411077 0.628375 0.660424 0.544548 0.750272 -0.374912 
0.975029 -0.214309 0.058223 -0.107045 -0.683249 -0.722297 0.194575 0.698028 -0.689128 
-0.722730 0.630796 -0.282413 -0.199049 0.201331 0.959085 0.661846 0.749374 -0.019949 
0.557017 0.635873 0.534226 0.829622 -0.396441 -0.393143 -0.038199 0.662193 -0.748359 
0.810508 -0.069616 0.581575 -0.467404 -0.675273 0.570562 0.353002 -0.734275 -0.579853 
-0.793125 0.249078 0.555800 -0.608498 -0.363235 -0.705543 0.026151 -0.897786 0.439654 
-0.298300 0.216010 -0.929708 0.893663 0.405324 -0.192561 0.335238 -0.888286 -0.313948 
-0.836359 -0.052867 -0.545627 -0.458869 0.612058 0.644068 0.299906 0.789044 -0.536159 
0.956956 -0.274651 0.093817 -0.180301 -0.815881 -0.549390 0.227434 0.508827 -0.830283 
-0.211504 0.964836 -0.156069 0.626509 0.256397 0.736035 0.750168 0.057895 -0.658707 
-0.730040 0.441112 -0.521979 -0.665468 -0.632686 0.396057 -0.155543 0.636498 0.755432 
0.383537 0.922439 -0.044783 -0.611761 0.290090 0.735933 0.691844 -0.254861 0.675572 
0.597661 -0.764050 -0.242956 -0.719415 -0.377309 -0.583164 0.353897 0.523321 -0.775172 
-0.059162 0.993089 -0.101362 0.884224 0.099259 0.456394 0.463301 -0.062626 -0.883986 
-0.610344 0.549136 0.570902 0.107999 0.771669 -0.626787 -0.784739 -0.320899 -0.530291 
0.948920 -0.085417 0.303735 0.272390 0.707605 -0.651997 -0.159233 0.701427 0.694727 
0.561033 0.544947 -0.623116 0.239307 -0.827374 -0.508118 -0.792448 0.135955 -0.594594 
0.105789 -0.990063 -0.092654 0.540966 -0.020881 0.840785 -0.834365 -0.139069 0.533381 
0.038968 -0.467903 0.882920 -0.710983 0.607883 0.353527 -0.702129 -0.641518 -0.308983 
-0.766032 -0.059680 -0.640026 -0.094566 -0.974384 0.204042 -0.635808 0.216827 0.740766 
-0.355165 0.895006 -0.269857 0.647983 0.443780 0.619013 0.673777 0.044989 -0.737564 
-0.605922 -0.579114 0.545421 -0.390012 0.813813 0.430812 -0.693361 0.048318 -0.718969 
0.837104 0.368720 -0.404107 0.358138 0.189009 0.914337 0.413515 -0.910121 0.026168 
0.136963 -0.827954 -0.543813 -0.617489 0.357909 -0.700434 0.774563 0.431732 -0.462233 
-0.115494 0.920358 0.373634 -0.658768 0.210554 -0.722282 -0.743428 -0.329558 0.581985 
0.640932 -0.748575 0.169826 -0.498910 -0.574396 -0.648967 0.583348 0.331216 -0.741621 
-0.349345 0.374115 -0.859067 -0.925652 0.004430 0.378351 0.145353 0.927372 0.344753 
0.273727 0.854868 -0.440766 -0.925333 0.109061 -0.363133 -0.262360 0.507254 0.820890 
-0.081188 0.861542 -0.501152 0.015743 0.503857 0.863643 0.996574 0.062228 -0.054471 
0.791033 -0.487687 0.369360 -0.454424 -0.872623 -0.178964 0.409591 -0.026279 -0.911891 
-0.175665 -0.113375 0.977900 -0.710870 -0.672579 -0.205674 0.681033 -0.731289 0.037554 
-0.170276 -0.552891 0.815670 0.981295 -0.019698 0.191499 -0.089812 0.833020 0.545904 
0.565567 0.491823 0.662000 -0.773988 0.593690 0.220169 -0.284739 -0.636901 0.716437 
-0.622203 -0.571935 0.534559 0.194314 -0.774292 -0.602257 0.758357 -0.270853 0.592902 
0.029528 -0.950225 0.310162 0.927814 -0.089386 -0.362176 0.371873 0.298467 0.878993 
0.971281 -0.225737 0.075208 0.153729 0.354108 -0.922483 0.181606 0.907552 0.378641 
-0.384277 0.707146 0.593527 0.431224 -0.430967 0.792662 0.816319 0.560546 -0.139328 
-0.048645 -0.973888 0.221756 0.139856 0.213190 0.966949 -0.988976 0.078052 0.125833 
0.670834 0.564350 0.481136 0.617124 -0.784587 0.059846 0.411267 0.256774 -0.874601 
-0.399843 0.158061 0.902852 0.694107 0.695525 0.185632 -0.598615 0.700900 -0.387812 
0.225591 -0.161241 -0.960786 -0.841894 -0.528524 -0.108978 -0.490227 0.833465 -0.254978 
0.412025 0.817031 -0.403355 0.895858 -0.282426 0.343036 0.166353 -0.502688 -0.848311 
0.465491 0.385735 -0.796572 0.262701 0.799249 0.540546 0.845166 -0.460879 0.270710 
-0.125163 -0.912409 0.389672 0.926956 -0.247554 -0.281904 0.353676 0.325925 0.876747 
0.162974 0.894788 0.415686 -0.823438 -0.108733 0.556890 0.543497 -0.433050 0.719082 
-0.722783 -0.121886 0.680241 0.354008 -0.910670 0.212973 0.593517 0.394745 0.701366 
0.199285 -0.020028 -0.979737 -0.252173 0.965072 -0.071022 0.946939 0.261217 0.187273 
0.093408 -0.908748 -0.406758 -0.648056 0.254657 -0.717755 0.755843 0.330646 -0.565133 
-0.883208 0.239494 0.403220 0.268504 -0.446696 0.853445 0.384512 0.862036 0.330220 
-0.481841 0.874726 0.051802 0.872924 0.474015 0.115386 0.076377 0.100817 -0.991969 
-0.021901 0.118059 0.992765 0.951624 -0.301949 0.056901 0.306482 0.945986 -0.105735 
0.875175 -0.104774 -0.472325 -0.379355 0.457290 -0.804348 0.300264 0.883124 0.360462 
0.954707 0.174014 0.241357 -0.105256 -0.561197 0.820962 0.278308 -0.809183 -0.517463 
-0.959101 0.237087 0.154643 0.053843 -0.383543 0.921952 0.277895 0.892572 0.355091 
0.476673 0.596436 0.645792 -0.217883 -0.631541 0.744098 0.851651 -0.495399 -0.171085 
0.334120 0.306025 0.891466 -0.870635 0.462522 0.167537 -0.361052 -0.832119 0.420974 
0.943110 0.039040 0.330180 0.098447 0.915759 -0.389479 -0.317571 0.399827 0.859818 
-0.668908 0.736657 0.099489 -0.706612 -0.671686 0.222571 0.230784 0.078579 0.969827 
-0.564508 0.825408 0.005700 0.020356 0.007017 0.999768 0.825177 0.564493 -0.020763 
-0.215891 0.399968 0.890740 -0.692270 -0.706037 0.149244 0.688588 -0.584412 0.429313 
0.775978 0.043914 0.629229 -0.497051 0.656729 0.567140 -0.388328 -0.752847 0.531435 
0.003606 0.982988 0.183634 -0.014755 -0.183563 0.982897 0.999885 -0.006254 0.013843 
-0.395009 0.609369 0.687487 0.144576 -0.697785 0.701566 0.907230 0.376519 0.187531 
-0.267758 -0.958694 -0.095978 0.823763 -0.176123 -0.538883 0.499720 -0.223353 0.836895 
-0.531618 0.401928 0.745545 -0.744843 0.197205 -0.637432 -0.403227 -0.894184 0.194535 
-0.120192 -0.154683 -0.980626 -0.986715 0.127372 0.100847 0.109305 0.979719 -0.167937 
0.401320 -0.798277 -0.449106 -0.134397 -0.536339 0.833234 -0.906024 -0.274035 -0.322529 
0.283777 0.892685 0.350120 0.778367 -0.001203 -0.627809 -0.560014 0.450680 -0.695177 
0.215744 -0.920414 -0.326026 -0.475522 0.192585 -0.858364 0.852838 0.340220 -0.396128 
0.662564 -0.502140 0.555756 0.445706 -0.332002 -0.831337 0.601959 0.798518 0.003835 
0.032478 0.911928 0.409063 -0.525991 -0.332422 0.782834 0.849870 -0.240588 0.468870 
0.437885 -0.531792 -0.724882 0.342141 0.844195 -0.412643 0.831382 -0.067321 0.551609 
-0.539892 -0.718601 -0.438326 -0.188697 -0.404161 0.895012 -0.820311 0.565921 0.082606 
-0.673166 -0.172065 0.719195 -0.737536 0.226913 -0.636044 -0.053754 -0.958595 -0.279654 
0.558332 -0.816069 0.149318 0.349387 0.068052 -0.934504 0.752459 0.573933 0.323120 
0.480729 0.803835 0.350356 0.107448 0.342542 -0.933338 -0.870261 0.486328 0.078299 
0.941888 -0.314163 0.118946 -0.236484 -0.871587 -0.429431 0.238583 0.376347 -0.895232 
0.558496 0.755677 -0.342103 0.144263 -0.494618 -0.857054 -0.816866 0.429308 -0.385259 
0.671943 0.740542 0.009471 -0.604467 0.540994 0.584762 0.427917 -0.398651 0.811150 
-0.466593 0.851731 0.238422 0.871791 0.488362 -0.038510 -0.149236 0.189886 -0.970398 
0.589577 -0.481076 0.648818 -0.243880 0.659760 0.710802 -0.770014 -0.577306 0.271655 
-0.699294 -0.426194 0.573887 -0.568396 0.818369 -0.084845 -0.433491 -0.385527 -0.814527 
0.363075 0.386731 0.847712 -0.247484 -0.837091 0.487884 0.898292 -0.386933 -0.208217 
-0.028658 0.044885 -0.998581 -0.979777 -0.199173 0.019166 -0.198030 0.978936 0.049685 
0.815493 0.077978 -0.573490 -0.578614 0.087034 -0.810945 -0.013323 0.993149 0.116094 
0.322384 -0.897920 0.299679 0.409272 -0.153247 -0.899451 0.853560 0.412619 0.318090 
-0.422004 -0.886898 -0.187947 -0.303572 0.333581 -0.892506 0.854258 -0.319586 -0.410010 
-0.913233 0.163865 -0.373032 0.228642 -0.551695 -0.802094 -0.337236 -0.817790 0.466360 
-0.912467 -0.099476 0.396873 -0.299712 -0.497807 -0.813856 0.278525 -0.861564 0.424418 
-0.278268 -0.499759 -0.820249 0.889649 0.187807 -0.416238 0.362067 -0.845559 0.392349 
0.459982 0.884053 -0.082866 0.423596 -0.136461 0.895513 0.780373 -0.447022 -0.437251 
0.596214 0.509932 -0.620079 0.379928 0.501194 0.777470 0.707236 -0.699124 0.105082 
-0.665124 -0.527011 0.529026 0.171147 0.582008 0.794969 -0.726855 0.619294 -0.296911 
0.743593 0.230020 0.627822 0.528861 -0.776856 -0.341762 0.409115 0.586162 -0.699313 
-0.227268 0.025170 0.973507 0.467700 0.879650 0.086443 -0.854169 0.474955 -0.211689 
0.096708 0.983364 0.153764 -0.044787 0.158631 -0.986322 -0.994305 0.088498 0.059382 
0.820930 0.196311 0.536223 -0.099736 -0.875321 0.473144 0.562251 -0.441899 -0.698999 
0.081368 0.185075 -0.979350 0.491650 -0.862192 -0.122087 -0.866983 -0.471563 -0.161147 
-0.822753 -0.142895 -0.550143 0.450053 0.427401 -0.784080 0.347173 -0.892698 -0.287336 
0.385682 0.529103 0.755843 -0.861997 0.498727 0.090732 -0.328953 -0.686529 0.648435 
0.681977 0.653617 0.328165 0.711652 -0.696533 -0.091613 0.168698 0.296017 -0.940167 
-0.586778 0.382955 -0.713468 -0.775786 -0.013370 0.630854 0.232050 0.923670 0.304937 
-0.485269 -0.202023 0.850706 0.190898 -0.973949 -0.122396 0.853272 0.103003 0.511193 
-0.464609 -0.532627 -0.707423 0.883461 -0.333205 -0.329350 -0.060297 -0.777999 0.625365 
0.344043 -0.760706 0.550419 0.593786 0.630370 0.500052 -0.727360 0.154792 0.668571 
0.431567 -0.902072 -0.004063 -0.879961 -0.421972 0.218194 -0.198541 -0.090589 -0.975897 
0.162087 0.015516 -0.986654 0.870802 0.468059 0.150415 0.464146 -0.883561 0.062355 
-0.547203 -0.780474 0.302372 -0.549342 0.607449 0.573785 -0.631500 0.147871 -0.761145 
0.099833 -0.958582 -0.266747 -0.168316 -0.280493 0.944983 -0.980665 -0.049443 -0.189348 
0.666637 0.353413 -0.656273 -0.665553 0.678650 -0.310601 0.335609 0.643843 0.687629 
0.504750 0.194655 0.841033 -0.798362 0.475875 0.369000 -0.328399 -0.857702 0.395603 
0.171672 0.985117 -0.008606 0.316711 -0.046915 0.947361 0.932858 -0.165361 -0.320051 
-0.396565 -0.714835 -0.575975 0.353803 0.459938 -0.814420 0.847089 -0.526752 0.070516 
-0.178751 0.921394 0.345080 -0.856312 -0.318414 0.406624 0.484539 -0.222812 0.845918 
0.212127 -0.107310 0.971333 0.915229 0.370248 -0.158970 -0.342575 0.922714 0.176752 
-0.213210 -0.644813 0.734001 -0.730917 0.603793 0.318111 -0.648307 -0.468669 -0.600039 
-0.329955 0.537699 -0.775893 0.566266 0.770363 0.293057 0.755296 -0.342666 -0.558666 
0.642570 -0.258397 0.721342 0.025239 0.948048 0.317125 -0.765811 -0.185570 0.615709 
0.948343 -0.314014 -0.045185 -0.193048 -0.458166 -0.867650 0.251751 0.831552 -0.495118 
-0.135983 0.880640 -0.453852 -0.386340 0.374702 0.842816 0.912277 0.289950 0.289274 
0.604552 0.796125 0.026508 0.330861 -0.281238 0.900798 0.724602 -0.535808 -0.433429 
0.369244 0.554018 -0.746138 0.555181 -0.775363 -0.300974 -0.745273 -0.303109 -0.593879 
0.684101 0.704336 0.189516 -0.727290 0.678397 0.104056 -0.055277 -0.209018 0.976348 
-0.075369 0.989069 -0.126736 0.756492 0.139519 0.638948 0.649646 -0.047718 -0.758738 
-0.253696 0.967037 0.021864 -0.868812 -0.217875 -0.444631 -0.425211 -0.131797 0.895447 
0.313051 -0.522255 0.793252 0.859381 0.511330 -0.002503 -0.404306 0.682489 0.608889 
-0.857028 -0.451579 -0.248152 -0.198043 -0.155923 0.967712 -0.475691 0.878501 0.044199 
-0.581376 -0.701850 -0.411593 0.226021 -0.625272 0.746961 -0.781611 0.341237 0.522151 
-0.936853 -0.237073 0.257103 -0.077453 0.857559 0.508520 -0.341038 0.456496 -0.821769 
0.485506 0.495179 0.720473 0.823785 -0.535033 -0.187398 0.292682 0.684498 -0.667683 
0.608339 -0.110351 -0.785968 -0.030521 -0.992807 0.115768 -0.793090 -0.046438 -0.607332 
-0.555949 -0.496816 0.666404 -0.828528 0.266795 -0.492302 0.066790 -0.825829 -0.559951 
-0.866738 -0.478468 -0.140833 0.081536 0.142639 -0.986411 0.492054 -0.866442 -0.084618 
0.997765 0.055970 -0.036497 -0.055868 0.998431 0.003816 0.036653 -0.001769 0.999326 
-0.688460 0.075583 0.721325 -0.476919 -0.796469 -0.371733 0.546416 -0.599937 0.584384 
-0.068004 0.182693 0.980815 -0.412330 -0.900350 0.139116 0.908493 -0.394959 0.136557 
0.569842 0.032600 -0.821107 -0.483257 0.821461 -0.302762 0.664637 0.569332 0.483857 
-0.398603 0.769259 -0.499356 -0.744892 0.046084 0.665592 0.535025 0.637273 0.554645 
-0.580558 0.257331 -0.772485 -0.710638 0.302945 0.634994 0.397424 0.917608 0.006993 
-0.564984 0.739205 0.366565 -0.261778 0.260725 -0.929244 -0.782474 -0.620966 0.046202 
-0.011680 0.893543 0.448825 0.720288 -0.303818 0.623602 0.693576 0.330567 -0.640060 
-0.887281 0.022004 -0.460704 0.460697 -0.005698 -0.887539 -0.022154 -0.999742 -0.005081 
0.018669 0.925291 -0.378797 0.908581 0.142423 0.392678 0.417291 -0.351499 -0.838043 
0.742717 0.596869 0.303511 -0.041259 -0.411614 0.910424 0.668334 -0.688710 -0.281086 
0.102409 -0.361007 -0.926923 -0.120994 0.920383 -0.371828 0.987356 0.150231 0.050576 
0.171747 0.509315 -0.843268 0.610014 0.617158 0.496990 0.773554 -0.599762 -0.204694 
-0.281810 -0.421000 -0.862173 0.940716 -0.298037 -0.161951 -0.188778 -0.856699 0.480031 
0.800882 -0.555072 -0.224684 0.525518 0.471613 0.708104 -0.287085 -0.685183 0.669407 
0.270411 0.384073 0.882817 -0.402421 -0.787938 0.466059 0.874606 -0.481292 -0.058508 
0.154400 0.376613 0.913413 0.222636 -0.913984 0.339215 0.962597 0.150984 -0.224967 
-0.671201 0.659587 0.338281 -0.591260 -0.751618 0.292372 0.447103 -0.003772 0.894475 
-0.777730 -0.510064 0.367383 -0.112294 -0.462311 -0.879579 0.618487 -0.725330 0.302276 
0.978983 -0.201314 -0.032627 0.201267 0.979525 -0.004743 0.032914 -0.001924 0.999456 
-0.539515 0.249000 -0.804315 0.136810 -0.916651 -0.375546 -0.830787 -0.312651 0.460481 
0.700620 0.242689 0.670994 0.333508 0.719958 -0.608632 -0.630796 0.650201 0.423479 
-0.253209 0.931417 -0.261432 -0.648684 -0.363953 -0.668392 -0.717701 0.000344 0.696351 
-0.896964 0.108811 0.428504 -0.158153 0.826128 -0.540832 -0.412848 -0.552876 -0.723799 
-0.364053 0.569178 -0.737226 0.746050 0.652058 0.135013 0.557561 -0.500855 -0.662020 
0.536695 -0.279765 -0.796047 0.831880 0.333306 0.443715 0.141191 -0.900355 0.411614 
-0.810467 -0.330217 0.483839 0.084337 -0.883140 -0.461467 0.579682 -0.333198 0.743605 
-0.171745 0.984933 0.020260 0.927735 0.154785 0.339632 0.331379 0.077126 -0.940340 
0.909365 -0.350870 0.223487 0.016973 -0.505487 -0.862667 0.415654 0.788272 -0.453717 
-0.175868 0.887824 -0.425251 -0.190220 0.393194 0.899564 0.965861 0.239096 0.099732 
0.298374 0.952823 0.055695 0.941174 -0.303421 0.148752 0.158633 0.008035 -0.987305 
0.144056 0.212282 -0.966532 -0.957117 0.277973 -0.081601 0.251347 0.936839 0.243223 
0.788471 -0.489765 -0.372081 0.247328 -0.301415 0.920857 -0.563154 -0.818095 -0.116525 
0.039981 -0.857269 -0.513315 -0.160035 0.501600 -0.850169 0.986301 0.116139 -0.117138 
0.286130 -0.356124 -0.889553 0.686440 0.723904 -0.069010 0.668528 -0.590880 0.451589 
-0.904131 -0.373872 0.206801 -0.299716 0.210045 -0.930619 0.304495 -0.903383 -0.301964 
-0.091639 0.498879 -0.861813 0.343890 0.828064 0.442775 0.934528 -0.255794 -0.247442 
0.866337 0.394058 -0.306887 0.336365 -0.006106 0.941712 0.369215 -0.919065 -0.137837 
-0.538046 0.202054 0.818340 0.650071 -0.518546 0.555444 0.536576 0.830834 0.147652 
-0.188122 -0.442290 0.876920 0.792011 -0.596318 -0.130857 0.580800 0.669913 0.462480 
-0.345945 -0.914174 -0.211206 0.319761 0.096756 -0.942545 0.882086 -0.393604 0.258845 
-0.367839 -0.715806 0.593562 0.871236 -0.488405 -0.049075 0.325027 0.499081 0.803290 
0.546011 -0.509064 0.665376 0.388261 0.857535 0.337471 -0.742378 0.074077 0.665874 
-0.821455 0.036741 0.569088 0.557899 -0.154982 0.815310 0.118153 0.987234 0.106813 
0.726623 -0.232250 -0.646590 -0.686867 -0.224707 -0.691173 0.015231 0.946344 -0.322802 
-0.872653 -0.439647 0.212573 0.304564 -0.149713 0.940652 -0.381730 0.885605 0.264548 
0.916019 -0.212131 0.340455 -0.001805 -0.850901 -0.525323 0.401131 0.480591 -0.779825 
0.485219 -0.681596 0.547712 0.871752 0.425738 -0.242481 -0.067908 0.595125 0.800759 
0.445384 0.496691 0.744937 0.887139 -0.357163 -0.292264 0.120899 0.791032 -0.599709 
-0.836991 -0.341731 -0.427394 -0.361703 0.931578 -0.036518 0.410630 0.124025 -0.903328 
-0.272101 -0.939515 0.208020 -0.614446 0.336006 0.713832 -0.740552 0.066418 -0.668709 
0.481725 -0.589507 -0.648401 0.783121 0.621648 0.016630 0.393273 -0.515787 0.761118 
0.580059 -0.812134 0.063004 0.727177 0.551127 0.409234 -0.367077 -0.191565 0.910251 
-0.804947 -0.467045 0.365964 0.324774 0.169373 0.930503 -0.496571 0.867860 0.015348 
-0.716927 0.631413 0.295522 0.656102 0.467789 0.592202 0.235682 0.618458 -0.749642 
-0.574116 0.798769 0.179886 -0.814925 -0.578733 -0.031063 0.079294 -0.164427 0.983197 
0.604487 -0.542838 -0.583029 -0.787451 -0.296480 -0.540390 0.120488 0.785765 -0.606676 
0.821100 -0.555264 0.132201 -0.383739 -0.365557 0.848005 -0.422539 -0.747027 -0.513236 
0.806257 -0.590825 -0.029594 -0.582254 -0.783730 -0.216214 0.104551 0.191555 -0.975897 
-0.484142 -0.196000 -0.852754 -0.533019 -0.706821 0.465074 -0.693899 0.679697 0.237730 
0.417464 -0.345097 0.840614 0.471233 0.873185 0.124446 -0.776958 0.344173 0.527144 
0.473909 0.123767 0.871832 -0.086303 -0.978779 0.185861 0.876334 -0.163323 -0.453171 
0.436438 0.154460 -0.886377 -0.411838 0.910186 -0.044174 0.799944 0.384323 0.460852 
0.588123 -0.244167 -0.771034 -0.026386 0.947040 -0.320030 0.808341 0.208561 0.550533 
0.625260 0.354487 0.695261 0.385124 -0.915006 0.120178 0.678770 0.192620 -0.708639 
0.791532 0.572402 0.214087 -0.382610 0.190990 0.903954 0.476536 -0.797420 0.370181 
-0.341042 -0.209070 -0.916504 -0.507957 0.861350 -0.007471 0.790993 0.462997 -0.399955 
0.966185 0.108656 0.233837 -0.032542 -0.848240 0.528611 0.255787 -0.518346 -0.816021 
-0.591486 0.605356 0.532624 0.050280 -0.631589 0.773671 0.804746 0.484396 0.343139 
0.502134 0.684056 0.529084 0.631954 -0.707892 0.315473 0.590335 0.175946 -0.787748 
-0.859125 -0.301242 -0.413713 0.508111 -0.405649 -0.759784 0.061057 -0.862961 0.501567 
0.853917 0.262232 -0.449511 0.460992 0.019643 0.887187 0.241479 -0.964805 -0.104113 
0.127499 -0.703297 0.699369 0.500946 0.654240 0.566589 -0.856036 0.278107 0.435729 
-0.330472 -0.636238 -0.697129 0.795348 0.209940 -0.568635 0.508143 -0.742379 0.436652 
-0.363118 -0.838952 0.405344 -0.903675 0.423083 0.066130 -0.226974 -0.342287 -0.911769 
-0.037471 -0.595132 -0.802754 -0.283964 -0.763861 0.579553 -0.958103 0.249669 -0.140374 
0.031357 -0.992336 0.119528 0.986133 0.011217 -0.165578 0.162969 0.123062 0.978926 
0.381555 -0.821572 0.423598 0.400168 0.559914 0.725508 -0.833235 -0.107311 0.542405 
-0.249501 -0.122148 0.960640 0.228696 -0.971384 -0.064116 0.940982 0.203697 0.270296 
-0.837532 0.110181 0.535164 -0.423988 0.486739 -0.763753 -0.344636 -0.866571 -0.360945 
-0.387424 0.863620 0.322588 -0.126912 -0.396547 0.909200 0.913124 0.311306 0.263236 
-0.153671 -0.745934 0.648049 0.912861 -0.358221 -0.195863 0.378246 0.561480 0.735982 
0.444307 0.606271 0.659565 -0.043282 0.749892 -0.660143 -0.894828 0.264759 0.359423 
