-0.615493 0.468785 0.633568 -0.776735 -0.497069 -0.386788 0.133606 -0.730180 0.670065 
0.869870 -0.288849 -0.399866 -0.472168 -0.252942 -0.844439 0.142773 0.923356 -0.356412 
-0.852818 -0.505101 0.132573 0.305097 -0.275895 0.911481 -0.423813 0.817775 0.389393 
-0.713895 -0.452252 0.534623 0.265893 -0.881362 -0.390514 0.647807 -0.136634 0.749451 
0.315148 -0.778074 -0.543400 0.556519 0.615310 -0.558284 0.768745 -0.126470 0.626926 
-0.196842 -0.791646 -0.578403 0.565633 0.390173 -0.726516 0.800820 -0.470172 0.370979 
-0.719580 -0.583580 -0.376350 -0.578026 0.803727 -0.141100 0.384826 0.116007 -0.915670 
0.825566 0.150458 0.543877 -0.173756 -0.849198 0.498670 0.536888 -0.506187 -0.674926 
-0.560510 -0.815458 0.144420 -0.827614 0.557828 -0.062321 -0.029741 -0.154456 -0.987552 
-0.174349 -0.974250 -0.142968 -0.636819 0.222302 -0.738270 0.751042 -0.037672 -0.659179 
-0.053277 0.830685 0.554188 -0.373908 0.498007 -0.782420 -0.925934 -0.248901 0.284067 
-0.995188 0.085837 -0.047261 -0.034161 0.148132 0.988377 0.091841 0.985235 -0.144487 
-0.651365 -0.413949 0.635901 0.649206 0.129759 0.749462 -0.392753 0.901004 0.184218 
-0.765340 0.018661 0.643356 0.593873 -0.364885 0.717059 0.248133 0.930865 0.268179 
-0.725187 -0.383173 -0.572086 0.519498 -0.849787 -0.089354 -0.451913 -0.361997 0.815312 
-0.306943 -0.322928 0.895267 -0.859934 -0.308960 -0.406272 0.407799 -0.894573 -0.182864 
-0.012510 0.907697 -0.419441 0.792104 0.265003 0.549859 0.610258 -0.325362 -0.722305 
0.071081 -0.071757 -0.994886 -0.877764 -0.478262 -0.028218 -0.473792 0.875281 -0.096981 
-0.575206 -0.418006 0.703142 -0.707749 -0.176686 -0.684012 0.410157 -0.891097 -0.194212 
-0.537655 -0.780311 0.319440 0.661236 -0.625284 -0.414472 0.523158 -0.011618 0.852157 
0.184902 -0.322341 0.928390 -0.949364 0.185576 0.253513 -0.254004 -0.928255 -0.271706 
-0.781293 0.231688 0.579571 0.203392 -0.783366 0.587341 0.590096 0.576766 0.564914 
-0.913341 -0.318335 0.253910 0.039086 0.552142 0.832833 -0.405315 0.770585 -0.491852 
-0.253173 0.509184 0.822578 -0.166432 -0.860527 0.481450 0.952997 -0.015013 0.302607 
-0.457173 -0.574444 0.678975 -0.420179 -0.533350 -0.734157 0.783864 -0.620928 0.002465 
0.412738 0.020691 0.910615 0.872549 -0.295841 -0.388762 0.261354 0.955013 -0.140159 
-0.480968 0.530764 0.697825 0.122920 0.828894 -0.545734 -0.868079 -0.176704 -0.463913 
-0.771662 0.302729 -0.559368 -0.582734 -0.688923 0.431053 -0.254869 0.658590 0.708026 
-0.556898 -0.788930 -0.259718 -0.819047 0.573556 0.013980 0.137934 0.220507 -0.965583 
0.533827 0.145535 0.832976 -0.243413 -0.916934 0.316200 0.809802 -0.371553 -0.454059 
0.030780 0.848400 0.528460 -0.857176 0.294346 -0.422622 -0.514103 -0.439975 0.736288 
-0.639091 -0.227395 0.734747 0.602164 -0.742248 0.294053 0.478498 0.630365 0.611293 
0.427252 0.829194 -0.360407 0.453177 -0.541335 -0.708228 -0.782359 0.139263 -0.607058 
-0.875229 -0.390601 -0.285316 -0.096854 -0.436389 0.894530 -0.473912 0.810553 0.344109 
-0.514097 -0.054007 -0.856030 0.855478 0.040021 -0.516290 0.062143 -0.997738 0.025627 
0.190506 -0.042946 0.980746 -0.504609 -0.861239 0.060306 0.842067 -0.506382 -0.185742 
-0.605330 -0.669280 0.430859 -0.380358 -0.232280 -0.895195 0.699216 -0.705769 -0.113960 
0.414911 0.807458 0.419357 0.372763 -0.571300 0.731208 0.829998 -0.147065 -0.538029 
-0.892699 0.361669 -0.268856 -0.430861 -0.859827 0.273962 -0.132086 0.360406 0.923397 
-0.341987 -0.787824 -0.512229 -0.913355 0.406851 -0.015954 0.220970 0.462391 -0.858701 
0.437583 0.361860 -0.823151 -0.895442 0.092000 -0.435569 -0.081885 0.927682 0.364283 
-0.342852 0.906304 0.247115 -0.802110 -0.419360 0.425155 0.488949 -0.052448 0.870734 
0.122904 0.955007 -0.269918 -0.843582 0.243796 0.478469 0.522747 0.168893 0.835590 
-0.707394 0.703302 0.070418 -0.525032 -0.589546 0.613821 0.473217 0.397242 0.786298 
-0.294599 0.935977 0.192765 -0.208694 0.133834 -0.968780 -0.932555 -0.325630 0.155905 
-0.026974 0.984743 -0.171913 0.255236 -0.159491 -0.953634 -0.966502 -0.069602 -0.247040 
-0.958058 0.285381 0.026127 0.221688 0.795821 -0.563493 -0.181602 -0.534067 -0.825708 
0.681603 0.674766 0.283034 0.727871 -0.664875 -0.167765 0.074980 0.320361 -0.944323 
0.052471 -0.824575 0.563314 -0.972424 -0.170551 -0.159072 0.227240 -0.539433 -0.810786 
0.958536 -0.133439 0.251800 0.284971 0.446098 -0.848403 0.000883 0.884981 0.465627 
0.911122 0.329862 0.247077 -0.013787 -0.574774 0.818196 0.411905 -0.748883 -0.519142 
0.743462 -0.585184 -0.323766 0.347625 0.751717 -0.560427 0.571334 0.304106 0.762297 
0.980997 0.118279 0.153803 0.183415 -0.823856 -0.536302 0.063279 0.554320 -0.829894 
0.306713 0.885096 -0.350047 -0.857420 0.416604 0.302112 0.413229 0.207475 0.886677 
0.107841 -0.408195 0.906503 -0.109757 -0.911135 -0.397224 0.988091 -0.056658 -0.143060 
0.456490 0.366381 0.810791 -0.644318 0.764562 0.017272 -0.613572 -0.530292 0.585081 
0.208632 -0.827027 -0.522015 -0.710053 0.238956 -0.662362 0.672530 0.508848 -0.537379 
0.974448 0.224522 0.006460 -0.006598 0.057360 -0.998332 -0.224518 0.972779 0.057375 
-0.605970 -0.074348 -0.792005 0.134485 0.971717 -0.194114 0.784037 -0.224140 -0.578833 
0.170929 0.811650 0.558576 -0.978152 0.071705 0.195132 0.118327 -0.579726 0.806174 
-0.198828 0.926939 -0.318201 -0.123493 0.298399 0.946418 0.972223 0.227470 0.055140 
0.345056 0.370819 -0.862224 0.383929 -0.894038 -0.230856 -0.856467 -0.251374 -0.450861 
0.491158 -0.726358 -0.480799 0.629251 -0.085813 0.772450 -0.602334 -0.681938 0.414914 
0.597599 -0.115463 -0.793438 0.757161 -0.244295 0.605827 -0.263784 -0.962802 -0.058566 
-0.696875 0.038925 0.716136 -0.434997 0.770950 -0.465202 -0.570213 -0.635705 -0.520323 
-0.457957 0.661397 -0.593995 0.495886 -0.364505 -0.788183 -0.737816 -0.655508 -0.161050 
0.875371 -0.468740 0.118357 -0.476695 -0.796081 0.372851 -0.080548 -0.382803 -0.920312 
-0.463292 0.787518 -0.406418 0.743453 0.095783 -0.661893 -0.482325 -0.608803 -0.629859 
-0.583622 -0.631184 -0.510874 -0.158487 -0.528495 0.834011 -0.796409 0.567714 0.208407 
0.284437 0.478919 -0.830501 -0.264811 -0.793332 -0.548179 -0.921396 0.375848 -0.098830 
0.037692 0.994543 -0.097276 -0.432394 0.103993 0.895668 0.900897 0.008302 0.433955 
-0.436064 -0.399758 0.806252 -0.603621 -0.534556 -0.591516 0.667450 -0.744610 -0.008201 
-0.463929 -0.875260 0.136709 -0.752298 0.470746 0.460919 -0.467779 0.110988 -0.876849 
0.299459 -0.431116 0.851154 0.939954 0.286401 -0.185637 -0.163740 0.855636 0.490995 
0.769178 -0.433022 -0.469954 0.632126 0.623417 0.460183 0.093708 -0.651032 0.753243 
-0.177772 0.916419 -0.358571 -0.920864 -0.026434 0.388986 0.346996 0.399346 0.848597 
-0.826705 0.226722 0.514933 0.515532 -0.061333 0.854672 0.225355 0.972027 -0.066178 
-0.088464 -0.974287 -0.207219 0.739215 0.075222 -0.669256 0.667634 -0.212384 0.713552 
0.814524 0.278593 -0.508858 0.155114 -0.949796 -0.271711 -0.559008 0.142385 -0.816845 
0.222350 -0.958208 0.179993 -0.970862 -0.234531 -0.049214 0.089372 -0.163805 -0.982436 
-0.492113 0.816006 0.303248 -0.675309 -0.138018 -0.724506 -0.549347 -0.561325 0.618977 
0.122796 0.013142 -0.992345 -0.964042 0.239033 -0.116128 0.235677 0.970923 0.042022 
-0.891907 -0.437011 0.116294 0.183405 -0.114498 0.976347 -0.413358 0.892139 0.182271 
0.963231 0.182088 0.197561 -0.056885 0.856860 -0.512401 -0.262584 0.482322 0.835713 
-0.577260 0.811338 -0.092203 -0.800009 -0.584562 -0.135177 -0.163573 -0.004269 0.986522 
0.157292 -0.728785 0.666432 0.970173 0.240080 0.033561 -0.184456 0.641275 0.744810 
-0.814028 -0.193130 -0.547777 -0.277130 0.957972 0.074078 0.510449 0.212107 -0.833338 
-0.787563 0.187337 0.587068 0.580969 0.543373 0.605988 -0.205473 0.818322 -0.536778 
-0.038212 0.871191 0.489455 0.493900 -0.409335 0.767142 0.868679 0.271056 -0.414640 
-0.335475 -0.143896 -0.930994 -0.820009 0.531081 0.213398 0.463726 0.835013 -0.296161 
-0.687669 -0.645450 -0.332423 0.559909 -0.762950 0.323124 -0.462183 0.036076 0.886051 
-0.969403 0.134500 -0.205348 0.049654 -0.711801 -0.700624 -0.240401 -0.689384 0.683343 
-0.152367 0.022531 -0.988067 0.362533 -0.928777 -0.077084 -0.919431 -0.369952 0.133347 
-0.591886 0.795326 -0.130872 0.690235 0.583981 0.427249 0.416229 0.162550 -0.894612 
-0.151138 -0.974599 0.165272 -0.926433 0.081337 -0.367568 0.344788 -0.208667 -0.915193 
0.434136 0.542104 -0.719478 -0.325149 0.839126 0.436058 0.840121 0.044630 0.540559 
-0.926515 -0.024109 0.375486 0.172562 -0.914031 0.367109 0.334355 0.404926 0.851024 
-0.051716 -0.963543 -0.262507 -0.422149 0.259312 -0.868647 0.905050 0.065894 -0.420169 
0.218535 0.815064 -0.536575 0.930517 -0.339668 -0.136980 -0.293905 -0.469357 -0.832661 
0.857103 0.173919 -0.484898 -0.291974 -0.611488 -0.735414 -0.424412 0.771903 -0.473328 
0.279704 0.887759 -0.365580 -0.205386 -0.316635 -0.926045 -0.937860 0.334104 0.093769 
0.951261 -0.297221 0.082229 0.158900 0.243882 -0.956699 0.264297 0.923136 0.279224 
0.244159 0.966015 -0.084860 -0.956657 0.225619 -0.184128 -0.158725 0.126138 0.979232 
0.101499 0.498418 -0.860975 0.896840 0.328712 0.296018 0.430554 -0.802202 -0.413637 
-0.294945 -0.875075 0.383733 0.024030 -0.408264 -0.912548 0.955212 -0.259931 0.141443 
0.648407 0.706397 0.283851 0.657954 -0.332418 -0.675718 -0.382968 0.624901 -0.680319 
-0.311083 -0.605130 -0.732834 0.407387 -0.781563 0.472435 -0.858640 -0.151581 0.489653 
-0.622987 -0.483785 0.614686 -0.429982 -0.444651 -0.785749 0.653454 -0.753816 0.068993 
-0.263487 0.803067 -0.534470 0.951414 0.124827 -0.281477 -0.159328 -0.582667 -0.796940 
-0.892634 -0.155826 -0.422992 0.355570 -0.820167 -0.448215 -0.277081 -0.550495 0.787516 
-0.913581 0.367600 -0.173898 0.256721 0.189702 -0.947685 -0.315380 -0.910430 -0.267679 
0.098745 0.783790 0.613125 0.638945 -0.522290 0.564768 0.762889 0.335985 -0.552372 
0.576857 0.690383 -0.436587 -0.474654 -0.151678 -0.867005 -0.664786 0.707365 0.240196 
-0.606662 -0.090565 0.789784 -0.406949 -0.818066 -0.406400 0.682901 -0.567950 0.459434 
0.234283 -0.330769 0.914168 -0.951916 -0.268990 0.146630 0.197401 -0.904564 -0.377884 
0.336629 0.252258 0.907219 -0.924174 0.273198 0.266955 -0.180508 -0.928294 0.325097 
0.035836 0.313569 0.948889 0.139606 -0.941759 0.305940 0.989558 0.121507 -0.077525 
0.746843 0.164551 0.644320 -0.440410 -0.603576 0.664632 0.498262 -0.780141 -0.378306 
-0.704073 -0.450356 0.549053 0.709930 -0.428178 0.559163 -0.016730 0.783481 0.621190 
-0.823358 -0.567417 0.010929 -0.450140 0.641212 -0.621467 0.345623 -0.516609 -0.783364 
-0.473730 0.460749 -0.750526 -0.566305 0.493286 0.660279 0.674447 0.737821 0.027240 
-0.578931 0.579544 0.573558 0.670821 -0.061334 0.739079 0.463507 0.812630 -0.353262 
-0.408035 -0.862393 -0.299641 -0.825587 0.488660 -0.282165 0.389760 0.132247 -0.911371 
0.471754 0.807878 -0.353245 -0.030834 -0.385266 -0.922290 -0.881191 0.445986 -0.156841 
-0.507832 0.860800 0.033600 0.737521 0.414286 0.533319 0.445161 0.295617 -0.845247 
0.419864 -0.886347 0.195202 0.162886 0.285176 0.944533 -0.892851 -0.364780 0.264109 
0.815508 -0.331211 -0.474601 -0.067593 0.759931 -0.646480 0.574785 0.559290 0.597342 
0.002012 0.656900 0.753975 0.192949 -0.740063 0.644265 0.981207 0.144182 -0.128237 
0.367057 0.850946 -0.375712 0.365142 -0.503295 -0.783177 -0.855536 0.150282 -0.495454 
-0.956868 0.072234 -0.281400 -0.275308 -0.534800 0.798871 -0.092787 0.841886 0.531619 
0.934881 -0.175360 -0.308621 0.024034 -0.836181 0.547927 -0.354148 -0.519663 -0.777515 
-0.931076 -0.158954 0.328378 -0.358894 0.237411 -0.902680 0.065524 -0.958316 -0.278095 
-0.495227 0.845070 0.201514 0.177192 -0.128828 0.975708 0.850502 0.518904 -0.085940 
-0.843292 0.471292 0.258345 0.262496 -0.058285 0.963171 0.468993 0.880049 -0.074561 
-0.750172 -0.271921 -0.602745 0.262227 0.714456 -0.648684 0.607025 -0.644680 -0.464659 
-0.261310 -0.704142 0.660228 0.854754 0.148982 0.497192 -0.448456 0.694253 0.562938 
-0.889669 -0.428055 0.158929 0.055198 0.244688 0.968030 -0.453258 0.869998 -0.194063 
-0.359277 -0.920115 0.155910 -0.306772 0.274222 0.911424 -0.881369 0.279625 -0.380788 
-0.042643 -0.076028 -0.996193 -0.340104 -0.936445 0.086026 -0.939420 0.342478 0.014076 
-0.674116 0.737147 0.046717 0.726208 0.673004 -0.140311 -0.134870 -0.060660 -0.989005 
-0.042049 -0.975285 0.216915 -0.324967 0.218652 0.920102 -0.944790 -0.031801 -0.326130 
0.618101 0.768846 -0.163789 0.782966 -0.620708 0.041049 -0.070105 -0.153614 -0.985641 
-0.971026 0.027132 -0.237428 0.235738 0.271682 -0.933068 0.039189 -0.962004 -0.270207 
0.070661 -0.815123 0.574962 -0.926886 0.159359 0.339834 -0.368632 -0.556937 -0.744266 
-0.842254 -0.305395 -0.444233 -0.238597 -0.527762 0.815193 -0.483405 0.792592 0.371643 
-0.246593 0.184842 -0.951328 0.245015 -0.937860 -0.245735 -0.937635 -0.293686 0.185981 
-0.731396 -0.393817 0.556748 -0.580630 0.787801 -0.205517 -0.357670 -0.473579 -0.804857 
0.035773 0.927913 -0.371078 -0.940859 -0.093907 -0.325525 -0.336905 0.360777 0.869675 
0.801347 -0.145013 -0.580356 -0.520701 0.308485 -0.796057 0.294470 0.940111 0.171695 
0.033247 0.881965 -0.470142 -0.417723 0.439607 0.795143 0.907966 0.169953 0.383032 
0.845602 0.484474 0.224150 -0.425395 0.357900 0.831232 0.322486 -0.798243 0.508734 
0.684838 -0.152517 -0.712556 -0.679690 -0.486240 -0.549174 -0.262715 0.860412 -0.436660 
-0.988365 -0.109543 -0.105526 -0.062666 0.925423 -0.373718 0.138595 -0.362757 -0.921520 
0.919594 0.306867 -0.245316 0.389371 -0.795043 0.465077 -0.052320 -0.523201 -0.850602 
-0.613145 -0.732266 -0.296378 -0.547101 0.664258 -0.509354 0.569854 -0.150159 -0.807910 
0.210828 -0.917677 0.336779 0.717242 -0.088860 -0.691135 0.664165 0.387263 0.639463 
-0.007422 0.040926 0.999135 -0.707791 0.705596 -0.034160 -0.706383 -0.707432 0.023730 
0.635556 0.569126 -0.521693 -0.066304 -0.632989 -0.771316 -0.769202 0.524805 -0.364565 
0.467124 -0.132238 0.874247 0.842919 0.365162 -0.395151 -0.266988 0.921504 0.282042 
-0.737590 0.673380 0.050208 0.325034 0.288885 0.900499 0.591874 0.680518 -0.431950 
-0.127063 -0.191429 -0.973247 0.280645 -0.948045 0.149832 -0.951364 -0.254099 0.174185 
0.818051 0.503840 -0.277379 0.467267 -0.863405 -0.190244 -0.335343 0.026019 -0.941737 
0.860577 0.395960 0.320348 -0.476762 0.847542 0.233176 -0.179180 -0.353395 0.918154 
0.552541 -0.192180 -0.811027 -0.634946 -0.727415 -0.260212 -0.539946 0.658737 -0.523951 
0.578810 0.170687 0.797399 0.812074 -0.031604 -0.582698 -0.074258 0.984818 -0.156903 
-0.165806 -0.985032 -0.047126 -0.939419 0.172305 -0.296317 0.300002 -0.004861 -0.953926 
-0.916425 -0.091423 0.389625 0.399398 -0.147063 0.904905 -0.025430 0.984893 0.171287 
-0.973934 0.023088 -0.225653 0.091182 0.950741 -0.296272 0.207697 -0.309124 -0.928065 
-0.838458 0.544325 -0.026408 -0.535726 -0.832160 -0.143202 -0.099924 -0.105922 0.989341 
0.904669 0.198235 -0.377196 0.423121 -0.313167 0.850232 0.050420 -0.928778 -0.367190 
0.244844 -0.793032 0.557810 0.907006 -0.015964 -0.420815 0.342625 0.608971 0.715376 
-0.620687 0.780035 0.079330 -0.500976 -0.472385 0.725173 0.603134 0.410363 0.683982 
0.577239 -0.566440 -0.588167 -0.438254 -0.822662 0.362162 -0.689005 0.048713 -0.723117 
0.374333 0.752838 0.541396 -0.904267 0.425666 0.033318 -0.205371 -0.502038 0.840107 
0.056454 -0.208976 -0.976290 0.987098 0.158430 0.023166 0.149833 -0.965002 0.215224 
0.951371 0.271122 0.146237 -0.304760 0.759245 0.575037 0.044876 -0.591641 0.804952 
-0.027529 0.954351 -0.297415 0.047790 0.298444 0.953230 0.998478 0.012028 -0.053825 
-0.348228 -0.066134 -0.935074 -0.012442 -0.997094 0.075154 -0.937327 0.037805 0.346393 
0.186334 -0.977842 0.095418 0.732346 0.202978 0.649976 -0.654942 -0.051234 0.753940 
0.697999 0.129461 0.704299 -0.715658 0.091593 0.692420 0.025133 -0.987345 0.156582 
0.615206 0.747550 -0.250379 -0.769918 0.501401 -0.394744 -0.169551 0.435621 0.884018 
0.233029 -0.499213 0.834556 0.175483 0.865681 0.468831 -0.956506 0.037199 0.289332 
0.228752 -0.473074 -0.850808 -0.340181 0.780037 -0.525186 0.912113 0.409566 0.017505 
-0.523539 -0.770858 -0.362884 -0.805861 0.309763 0.504614 -0.276578 0.556619 -0.783377 
0.271668 -0.765993 0.582624 -0.919744 -0.028427 0.391488 -0.283315 -0.642220 -0.712240 
0.204640 -0.946089 -0.251073 -0.674383 -0.322184 0.664384 -0.709458 0.033360 -0.703958 
-0.389203 -0.676078 -0.625651 0.898276 -0.128133 -0.420336 0.204014 -0.725603 0.657174 
0.296216 -0.874590 0.383860 -0.931069 -0.354035 -0.088150 0.212995 -0.331288 -0.919174 
0.387579 -0.822067 0.417119 -0.577834 -0.569210 -0.584899 0.718255 -0.014331 -0.695633 
0.097296 0.868707 -0.485676 -0.830688 -0.197895 -0.520379 -0.548170 0.454076 0.702371 
0.901338 -0.429007 0.059515 -0.080140 -0.030156 0.996327 -0.425637 -0.902798 -0.061562 
0.271235 0.959720 -0.073279 0.910174 -0.230977 0.343851 0.313075 -0.159961 -0.936161 
-0.209118 -0.797088 0.566498 -0.480962 0.588231 0.650124 -0.851437 -0.136511 -0.506379 
0.527878 0.440294 0.726282 0.839703 -0.142236 -0.524087 -0.127449 0.886516 -0.444800 
0.267381 -0.963591 0.000632 -0.594462 -0.164437 0.787131 -0.758368 -0.210840 -0.616785 
0.476385 0.297362 -0.827425 0.006591 0.939838 0.341556 0.879212 -0.168166 0.445765 
0.216387 -0.786631 -0.578263 -0.340871 0.494151 -0.799764 0.914868 0.370172 -0.161212 
-0.931056 -0.091656 0.353177 0.259155 0.515262 0.816911 -0.256854 0.852118 -0.455984 
-0.098801 -0.259829 0.960587 0.302109 0.911917 0.277738 -0.948139 0.317643 -0.011602 
-0.735118 -0.379717 0.561620 -0.664656 0.566861 -0.486724 -0.133544 -0.731084 -0.669091 
-0.626701 0.105559 -0.772077 -0.222182 0.925453 0.306875 0.746915 0.363860 -0.556529 
0.267437 0.898107 0.349116 0.627117 -0.437307 0.644583 0.731575 0.046551 -0.680170 
-0.665670 -0.350346 0.658894 0.281172 0.700122 0.656332 -0.691249 0.622163 -0.367543 
0.929492 -0.026150 -0.367914 0.073573 0.990583 0.115467 0.361429 -0.134395 0.922663 
0.262935 -0.930038 -0.256699 0.929552 0.315467 -0.190823 0.258453 -0.188441 0.947466 
0.641955 -0.505743 0.576297 -0.481208 -0.850908 -0.210702 0.596937 -0.142058 -0.789611 
0.846981 -0.395021 -0.355782 0.047490 -0.610343 0.790713 -0.529497 -0.686615 -0.498189 
0.722520 0.537841 0.434387 -0.497604 0.840762 -0.213330 -0.479953 -0.062018 0.875099 
-0.774109 -0.492207 0.398103 0.632734 -0.581649 0.511207 -0.020063 0.647624 0.761696 
0.765210 -0.126810 -0.631167 0.153397 0.988085 -0.012544 0.625238 -0.087220 0.775545 
0.161317 0.529369 0.832914 0.695567 -0.659703 0.284567 0.700117 0.533441 -0.474633 
-0.327750 0.115017 -0.937737 -0.691144 -0.705905 0.154981 -0.644127 0.698906 0.310854 
0.022002 0.798766 -0.601239 0.504669 -0.528014 -0.683016 -0.863033 -0.288399 -0.414729 
0.941112 -0.326368 0.088271 0.299425 0.925813 0.230685 -0.157010 -0.190670 0.969016 
0.456591 -0.132532 -0.879750 -0.328693 -0.944010 -0.028379 -0.826732 0.302126 -0.474589 
0.821753 0.568410 -0.040394 0.509365 -0.700912 0.499269 0.255477 -0.430851 -0.865505 
0.625578 -0.145810 -0.766415 -0.111506 -0.989005 0.097142 -0.772152 0.024690 -0.634958 
0.010817 -0.960969 -0.276444 -0.941976 -0.102553 0.319633 -0.335507 0.256946 -0.906319 
-0.626280 -0.249167 -0.738708 -0.408775 0.911801 0.039010 0.663834 0.326397 -0.672896 
0.848253 -0.442082 -0.291600 0.519380 0.802037 0.294925 0.103493 -0.401622 0.909939 
-0.833911 -0.288037 -0.470772 -0.521143 0.691746 0.499898 0.181666 0.662210 -0.726963 
0.718418 -0.397994 0.570505 0.653307 0.104393 -0.749861 0.238884 0.911429 0.335010 
-0.871075 -0.312140 -0.379205 0.425280 -0.093130 -0.900257 0.245691 -0.945460 0.213870 
-0.888012 0.452769 0.080219 -0.177344 -0.176279 -0.968233 -0.424245 -0.874029 0.236834 
0.506585 0.663074 0.551095 -0.265186 -0.488367 0.831369 0.820395 -0.567301 -0.071561 
-0.903021 -0.403038 -0.148707 -0.008265 0.362390 -0.931990 0.429518 -0.840377 -0.330577 
-0.527696 -0.176008 0.830998 -0.695529 -0.472068 -0.541656 0.487623 -0.863813 0.126689 
0.612971 0.061867 0.787680 0.227266 0.940992 -0.250766 -0.756715 0.332725 0.562740 
-0.095613 -0.882225 -0.461017 0.980535 -0.163262 0.109068 -0.171489 -0.441616 0.880663 
0.871297 -0.488261 -0.049427 -0.061906 -0.009439 -0.998037 0.486836 0.872646 -0.038450 
-0.714325 0.098702 0.692819 -0.622949 -0.540768 -0.565247 0.318863 -0.835361 0.447771 
-0.509379 -0.605108 -0.611864 0.665569 -0.727731 0.165607 -0.545482 -0.322881 0.773432 
-0.797930 0.573191 -0.186440 -0.493938 -0.799090 -0.342754 -0.345446 -0.181404 0.920739 
0.635767 -0.737594 0.227501 -0.585873 -0.269231 0.764374 -0.502548 -0.619250 -0.603304 
-0.579880 0.259709 -0.772198 -0.761682 -0.509167 0.400737 -0.289103 0.820549 0.493071 
-0.071354 0.744987 -0.663252 -0.727659 0.415919 0.545457 0.682217 0.521542 0.512419 
0.737783 -0.555348 0.383750 0.091992 0.645900 0.757859 -0.668740 -0.523834 0.527622 
-0.817977 -0.282224 0.501262 -0.125332 -0.763012 -0.634117 0.561432 -0.581517 0.588754 
0.489256 0.442692 0.751433 0.156781 -0.892205 0.423545 0.857932 -0.089412 -0.505922 
0.959752 0.279943 -0.022517 0.035420 -0.041118 0.998526 0.278605 -0.959136 -0.049379 
0.219338 -0.717728 0.660876 -0.546252 0.470909 0.692715 -0.808394 -0.512943 -0.288772 
-0.427324 -0.566851 0.704326 0.489989 -0.799908 -0.346494 0.759806 0.197047 0.619570 
0.443746 0.348772 0.825498 -0.572603 0.818943 -0.038201 -0.689359 -0.455731 0.563111 
-0.884250 -0.463489 -0.057271 -0.138034 0.142229 0.980162 -0.446149 0.874614 -0.189743 
-0.801960 -0.253962 0.540706 -0.128784 0.957349 0.258645 -0.583331 0.137789 -0.800462 
-0.006353 0.682971 -0.730418 0.839212 -0.393552 -0.375286 -0.543767 -0.615360 -0.570658 
0.947141 -0.320817 -0.000452 0.222792 0.658755 -0.718614 0.230841 0.680529 0.695409 
0.821108 -0.570372 -0.021370 0.300535 0.400214 0.865741 -0.485242 -0.717290 0.500036 
0.637845 0.062430 0.767630 0.425342 0.802364 -0.418683 -0.642058 0.593560 0.485230 
-0.408529 -0.876123 -0.255954 -0.312375 0.397693 -0.862706 0.857628 -0.272487 -0.436148 
0.792596 0.035895 0.608690 0.608952 0.004366 -0.793195 -0.031129 0.999346 -0.018397 
-0.531983 -0.339170 -0.775859 -0.771571 -0.183286 0.609167 -0.348815 0.922697 -0.164188 
-0.025602 0.617732 -0.785972 -0.696604 -0.574935 -0.429177 -0.716999 0.536523 0.445034 
-0.616521 0.437355 0.654693 -0.158102 0.745820 -0.647114 -0.771301 -0.502467 -0.390667 
-0.976652 -0.204783 0.064928 -0.093726 0.134218 -0.986509 0.193305 -0.969562 -0.150278 
-0.428967 -0.694332 -0.577832 -0.303013 0.713217 -0.632064 0.850982 -0.096044 -0.516338 
0.919642 -0.392684 -0.007611 -0.387685 -0.904488 -0.177769 0.062923 0.166435 -0.984043 
0.873490 -0.408964 -0.264127 0.486659 0.718613 0.496748 -0.013347 -0.562444 0.826727 
-0.050370 0.664337 -0.745734 0.456169 0.679548 0.574564 0.888466 -0.311240 -0.337279 
0.467376 0.438736 0.767509 0.718440 -0.694406 -0.040548 0.515173 0.570361 -0.639754 
0.983175 0.105095 0.149406 0.015964 0.765351 -0.643415 -0.181968 0.634974 0.750796 
-0.193712 0.981014 -0.009368 0.424366 0.092397 0.900764 0.884528 0.170514 -0.434207 
-0.697098 0.233999 0.677716 -0.697364 -0.001721 -0.716715 -0.166544 -0.972235 0.164382 
-0.624165 -0.761212 -0.175997 0.365529 -0.483601 0.795310 -0.690512 0.432072 0.580092 
0.684606 0.341065 -0.644196 0.485654 -0.872470 0.054196 -0.543557 -0.349959 -0.762938 
0.687945 -0.698506 -0.197030 -0.546904 -0.677403 0.491956 -0.477103 -0.230682 -0.848032 
0.959635 -0.066341 0.273311 -0.052619 0.912273 0.406189 -0.276281 -0.404174 0.871959 
-0.778374 -0.511516 -0.363984 -0.445478 0.041498 0.894330 -0.442360 0.858271 -0.260171 
0.904014 -0.211662 -0.371427 0.042195 0.908764 -0.415172 0.425416 0.359649 0.830466 
0.951441 -0.224210 -0.210924 0.000390 -0.684318 0.729184 -0.307829 -0.693858 -0.651001 
0.627550 0.633483 -0.452638 0.119731 -0.652972 -0.747859 -0.769315 0.415124 -0.485620 
-0.435005 0.522680 -0.733196 -0.586592 -0.782278 -0.209645 -0.683140 0.338890 0.646895 
0.678116 0.201825 -0.706700 0.081615 0.934930 0.345318 0.730409 -0.291843 0.617519 
0.124006 0.707627 -0.695620 -0.881651 -0.243102 -0.404467 -0.455318 0.663450 0.593734 
0.850125 0.036823 -0.525292 -0.524478 -0.029863 -0.850900 -0.047019 0.998876 -0.006074 
0.525063 -0.837315 0.152357 -0.307305 -0.353471 -0.883528 0.793645 0.417088 -0.442906 
-0.871382 0.160939 -0.463457 0.094229 0.981977 0.163833 0.481471 0.099091 -0.870842 
0.261689 0.155078 0.952612 0.933664 0.209383 -0.290570 -0.244522 0.965458 -0.089997 
-0.539284 -0.621125 0.568662 -0.840057 0.349495 -0.414919 0.058972 -0.701467 -0.710258 
-0.298354 -0.953633 -0.039613 -0.485940 0.116048 0.866254 -0.821491 0.277700 -0.498032 
0.433834 -0.864897 0.252470 -0.887664 -0.458313 -0.044740 0.154406 -0.204699 -0.966570 
0.362752 -0.839279 0.404996 -0.466561 0.212638 0.858549 -0.806680 -0.500395 -0.314440 
-0.419569 0.164377 0.892716 0.878918 0.319356 0.354281 -0.226858 0.933269 -0.278466 
0.638131 0.365455 -0.677667 0.663862 -0.706975 0.243872 -0.389969 -0.605499 -0.693754 
-0.046676 -0.469633 -0.881627 -0.426224 -0.788849 0.442776 -0.903413 0.396438 -0.163348 
-0.581604 -0.507500 0.635752 -0.813307 0.347009 -0.467030 0.016406 -0.788688 -0.614575 
0.747418 -0.009467 0.664286 -0.367135 -0.839235 0.401120 0.553695 -0.543687 -0.630735 
-0.466137 -0.765194 -0.444067 -0.633610 0.639046 -0.436072 0.617459 0.078096 -0.782717 
0.971432 0.003442 -0.237293 -0.045051 -0.979038 -0.198631 -0.233003 0.203647 -0.950914 
0.358422 -0.735167 -0.575380 -0.001288 0.615939 -0.787792 0.933559 0.283103 0.219820 
0.288769 0.934039 -0.210198 0.294448 -0.295554 -0.908817 -0.910996 0.200546 -0.360372 
0.925715 -0.378069 -0.010755 0.285005 0.678587 0.676972 -0.248644 -0.629748 0.735930 
0.067874 -0.839620 0.538916 0.303423 -0.497204 -0.812848 0.950435 0.218691 0.221013 
0.656678 -0.053245 -0.752289 0.171349 -0.960884 0.217581 -0.734448 -0.271784 -0.621868 
-0.079045 0.989976 0.117042 -0.525886 0.058332 -0.848552 -0.846874 -0.128624 0.516004 
-0.424280 0.320889 0.846768 -0.879314 0.077385 -0.469913 -0.216317 -0.943950 0.249329 
0.630730 0.667111 0.396413 -0.184026 0.624854 -0.758744 -0.753866 0.405612 0.516880 
-0.443205 -0.406346 0.799032 0.896343 -0.189146 0.400990 -0.011807 0.893927 0.448056 
-0.675173 -0.376423 -0.634387 0.677656 0.023236 -0.735012 0.291416 -0.926157 0.239397 
0.734074 0.655717 0.176555 0.081243 -0.342931 0.935841 0.674192 -0.672632 -0.305009 
-0.054201 -0.584153 0.809832 -0.264496 0.790453 0.552472 -0.962863 -0.184252 -0.197350 
0.606947 -0.665970 0.433703 0.478946 0.741994 0.469101 -0.634212 -0.077000 0.769315 
-0.339234 0.803943 0.488464 -0.921547 -0.179760 -0.344147 -0.188868 -0.566889 0.801852 
-0.218090 0.254468 0.942169 -0.311469 0.896772 -0.314305 -0.924891 -0.362003 -0.116318 
0.594492 -0.729195 0.338902 0.767742 0.389430 -0.508838 0.239063 0.562689 0.791347 
-0.433393 0.161006 0.886706 0.805619 -0.371769 0.461265 0.403917 0.914256 0.031412 
0.314935 0.903076 0.292009 -0.734716 0.426737 -0.527341 -0.600840 -0.048465 0.797899 
0.837652 0.252203 0.484492 -0.012713 -0.877774 0.478905 0.546056 -0.407315 -0.732063 
0.690183 -0.514432 -0.508928 0.604967 0.796095 0.015721 0.397068 -0.318734 0.860666 
-0.519187 0.009195 0.854611 -0.655919 0.636771 -0.405331 -0.547918 -0.770998 -0.324572 
0.529736 0.838390 -0.128381 0.667359 -0.505427 -0.546970 -0.523461 0.204073 -0.827250 
0.261756 -0.008022 -0.965101 0.695730 -0.691484 0.194444 -0.668912 -0.722347 -0.175419 
-0.136757 -0.954329 -0.265621 0.714815 -0.280707 0.640502 -0.685811 -0.102276 0.720557 
-0.716995 -0.318734 0.619941 0.632044 -0.672348 0.385315 0.294003 0.668099 0.683525 
0.210079 0.961699 0.176075 -0.757252 0.046138 0.651491 0.618414 -0.270198 0.737941 
0.919833 -0.265918 0.288435 -0.384090 -0.760140 0.524082 0.079889 -0.592853 -0.801338 
-0.381484 -0.885394 0.265609 0.587542 -0.454078 -0.669782 0.713627 -0.099454 0.693430 
-0.971130 0.041166 0.234973 -0.099526 0.825258 -0.555917 -0.216798 -0.563254 -0.797336 
0.465476 0.773514 -0.430127 0.547612 0.130088 0.826558 0.695308 -0.620285 -0.363032 
-0.093725 0.915541 0.391153 0.868523 -0.116876 0.481672 0.486706 0.384870 -0.784214 
-0.110376 -0.429721 0.896190 0.941959 -0.332884 -0.043604 0.317065 0.839362 0.441522 
0.198571 0.735425 0.647858 -0.786236 0.514187 -0.342701 -0.585151 -0.441319 0.680321 
0.069209 -0.591195 0.803554 -0.517495 0.667360 0.535565 -0.852883 -0.452901 -0.259753 
0.482244 -0.523923 -0.702101 0.864052 0.152348 0.479796 -0.144413 -0.838030 0.526166 
-0.289736 -0.212452 0.933229 0.009438 -0.975640 -0.219177 0.957060 -0.054696 0.284683 
-0.628427 -0.138723 0.765399 0.728829 -0.448850 0.517051 0.271822 0.882774 0.383175 
-0.762245 0.353035 -0.542538 0.313522 0.934655 0.167703 0.566291 -0.042267 -0.823121 
0.564836 0.817248 0.114305 0.783073 -0.487139 -0.386641 -0.260300 0.307898 -0.915119 
0.000512 -0.999908 -0.013555 -0.880199 0.005983 -0.474566 0.474604 0.012174 -0.880115 
-0.960126 -0.274962 -0.050530 0.275626 -0.900764 -0.335641 0.046773 -0.336185 0.940634 
0.222772 0.859341 -0.460332 -0.187411 0.501142 0.844828 0.956687 -0.101933 0.272690 
0.477826 0.541815 -0.691461 0.825525 -0.546055 0.142591 -0.300318 -0.638952 -0.708202 
-0.306817 0.641955 -0.702678 0.300601 0.765857 0.568420 0.903052 -0.036825 -0.427951 
0.103176 -0.735558 0.669559 -0.034999 0.670050 0.741490 -0.994047 -0.099938 0.043390 
0.096322 -0.223490 0.969935 0.945252 -0.284721 -0.159476 0.311802 0.932194 0.183830 
0.685291 -0.684212 -0.249459 -0.728216 -0.639668 -0.246019 0.008758 0.350255 -0.936613 
0.815531 -0.572923 -0.081657 -0.433756 -0.511734 -0.741609 0.383099 0.640224 -0.665844 
-0.182898 0.848855 -0.495977 -0.466095 0.369320 0.803964 0.865623 0.378216 0.328100 
0.083511 0.703385 0.705886 0.014953 0.707396 -0.706659 -0.996395 0.069569 0.048557 
0.478466 -0.512532 -0.713009 0.794511 -0.093089 0.600073 -0.373929 -0.853608 0.362672 
0.985522 0.009758 0.169265 -0.124550 -0.635700 0.761822 0.115036 -0.771875 -0.625281 
-0.083971 0.764509 0.639121 -0.975630 0.067403 -0.208811 -0.202717 -0.641080 0.740218 
0.378394 0.876525 0.297527 0.657825 -0.028510 -0.752631 -0.651217 0.480511 -0.587388 
-0.649023 -0.454425 -0.610136 0.624873 -0.775883 -0.086827 -0.433938 -0.437610 0.787525 
-0.358808 -0.155521 0.920364 0.901507 0.197851 0.384889 -0.241953 0.967816 0.069213 
0.543470 -0.481434 -0.687650 -0.353810 0.611491 -0.707741 0.761222 0.627933 0.161991 
-0.763152 -0.294641 0.575140 -0.639744 0.218794 -0.736788 0.091251 -0.930224 -0.355467 
0.410724 0.094022 0.906899 0.129117 0.978647 -0.159936 -0.902571 0.182786 0.389814 
0.626969 0.741758 0.238130 -0.362195 0.548164 -0.753877 -0.689729 0.386408 0.612343 
0.366097 -0.476815 0.799137 0.420585 0.850822 0.314976 -0.830109 0.220793 0.512025 
0.934426 -0.183635 -0.305166 0.061842 0.927470 -0.368747 0.350748 0.325695 0.878009 
0.981460 0.100312 0.163324 0.178123 -0.162699 -0.970464 -0.070777 0.981563 -0.177550 
-0.455728 0.204917 -0.866211 0.213814 -0.919447 -0.330002 -0.864058 -0.335599 0.375203 
0.110677 0.723061 0.681861 -0.955857 -0.110457 0.272281 0.272192 -0.681896 0.678917 
-0.771642 -0.541410 -0.333831 -0.100600 -0.414355 0.904538 -0.628051 0.731563 0.265267 
0.427944 -0.903768 -0.008239 -0.893120 -0.424264 0.149456 -0.138569 -0.056600 -0.988734 
0.009496 0.556823 -0.830577 -0.045501 -0.829513 -0.556630 -0.998919 0.043077 0.017459 
0.987322 0.115665 0.108704 0.116247 -0.060588 -0.991371 -0.108081 0.991439 -0.073266 
0.247401 0.958410 -0.142279 0.911384 -0.180343 0.369941 0.328896 -0.221194 -0.918096 
0.893860 0.146592 0.423704 0.178081 -0.983377 -0.035459 0.411463 0.107148 -0.905106 
0.541216 -0.557484 -0.629521 0.687661 0.724293 -0.050211 0.483950 -0.405722 0.775359 
0.501086 0.511879 -0.697776 0.626766 0.341316 0.700477 0.596722 -0.788342 -0.149800 
0.286208 0.955512 0.071281 -0.945898 0.293627 -0.138056 -0.152845 -0.027912 0.987856 
-0.642426 0.593811 -0.484436 -0.065833 -0.672561 -0.737108 -0.763515 -0.441645 0.471163 
0.427781 -0.741271 -0.517224 -0.129111 -0.616469 0.776721 -0.894614 -0.265487 -0.359420 
0.192528 -0.461544 -0.865974 -0.601069 -0.753025 0.267712 -0.775661 0.468968 -0.422398 
0.721185 0.632508 0.282535 0.594839 -0.356385 -0.720525 -0.355047 0.687695 -0.633260 
0.425362 0.755214 0.498717 -0.454652 0.654788 -0.603775 -0.782534 0.030080 0.621881 
-0.871202 -0.396077 0.290051 0.442723 -0.378564 0.812826 -0.212139 0.836548 0.505158 
0.654339 0.497926 0.569132 -0.399300 -0.411637 0.819216 0.642184 -0.763299 -0.070528 
0.586798 0.790203 -0.176772 -0.610259 0.288088 -0.737963 -0.532214 0.540911 0.651278 
-0.170542 -0.704902 0.688498 -0.951380 0.299686 0.071169 -0.256500 -0.642885 -0.721738 
0.607312 0.424734 -0.671396 -0.415150 0.890195 0.187626 0.677365 0.164782 0.716955 
0.482330 -0.042293 -0.874968 0.342266 0.928535 0.143793 0.806357 -0.368827 0.462336 
-0.796656 -0.589760 0.132372 -0.452494 0.727116 0.516286 -0.400735 0.351404 -0.846125 
-0.708973 -0.662505 -0.241755 0.369906 -0.641194 0.672339 -0.600440 0.387244 0.699653 
-0.523649 -0.223985 0.821963 -0.796179 0.471966 -0.378612 -0.303135 -0.852689 -0.425476 
-0.665360 -0.575616 -0.475355 0.539417 -0.810893 0.226898 -0.516068 -0.105446 0.850032 
-0.133968 -0.988220 -0.073987 -0.131330 0.091706 -0.987088 0.982245 -0.122521 -0.142068 
-0.483361 0.528082 0.698206 -0.260449 0.674702 -0.690611 -0.835780 -0.515662 -0.188586 
-0.605525 -0.423970 -0.673490 -0.374896 0.898459 -0.228527 0.701992 0.114109 -0.702984 
0.271852 0.816454 0.509411 0.084869 -0.547625 0.832409 0.958589 -0.183059 -0.218164 
0.395225 -0.892459 0.217519 -0.884045 -0.433870 -0.173845 0.249524 -0.123589 -0.960450 
-0.488367 0.128429 -0.863136 0.213747 0.976585 0.024371 0.846056 -0.172590 -0.504383 
0.219151 -0.874265 -0.433167 -0.169664 -0.471342 0.865477 -0.960826 -0.116178 -0.251627 
0.680071 -0.683815 -0.264387 0.489926 0.155601 0.857765 -0.545414 -0.712871 0.440838 
0.169960 0.843210 0.510010 -0.910626 -0.063429 0.408334 0.376661 -0.533829 0.757069 
-0.210452 0.210212 0.954736 0.840096 0.538328 0.066654 -0.499949 0.816097 -0.289890 
-0.475536 0.375708 0.795430 0.019963 0.908586 -0.417221 -0.879470 -0.182524 -0.439566 
-0.779840 -0.610995 -0.136142 -0.273912 0.137510 0.951873 -0.562869 0.779600 -0.274595 
0.573867 -0.648042 -0.500717 0.633326 -0.036452 0.773026 -0.519206 -0.760731 0.389504 
0.798071 0.509645 -0.321472 -0.036579 0.573500 0.818389 0.601452 -0.641373 0.476336 
-0.247437 0.967425 0.053515 -0.801051 -0.173187 -0.572996 -0.545062 -0.184648 0.817809 
-0.703088 0.040012 -0.709977 0.600734 -0.500826 -0.623131 -0.380507 -0.864623 0.328088 
0.056772 -0.031404 0.997893 0.637279 0.770540 -0.012007 -0.768539 0.636618 0.063758 
-0.785380 0.549085 -0.285804 0.356724 0.024134 -0.933898 -0.505892 -0.835418 -0.214826 
-0.827481 0.404321 0.389615 -0.556455 -0.683257 -0.472777 0.075053 -0.608017 0.790368 
0.613300 -0.563653 0.553315 -0.318996 0.464100 0.826349 -0.722568 -0.683306 0.104829 
-0.404469 -0.196510 -0.893190 0.461329 -0.887123 -0.013731 -0.789671 -0.417609 0.449469 
-0.949381 -0.141326 -0.280539 -0.155153 0.987505 0.027587 0.273135 0.069717 -0.959446 
-0.101495 0.442542 0.890985 -0.242484 -0.879603 0.409267 0.964832 -0.174511 0.196585 
-0.671004 -0.723001 -0.164387 -0.472046 0.587535 -0.657248 0.571774 -0.363418 -0.735528 
0.509040 0.308781 -0.803450 0.287370 -0.940847 -0.179517 -0.811355 -0.139506 -0.567663 
0.837959 -0.539551 0.081915 -0.521072 -0.746416 0.413941 -0.162200 -0.389549 -0.906610 
-0.204565 -0.865931 0.456418 -0.071858 0.478305 0.875249 -0.976212 0.146248 -0.160069 
-0.037802 0.586493 0.809072 -0.984331 0.117691 -0.131304 -0.172229 -0.801358 0.572854 
-0.228875 0.061400 0.971517 0.765493 0.627882 0.140657 -0.601362 0.775883 -0.190708 
0.154098 -0.789967 0.593469 0.855701 -0.193600 -0.479890 0.493993 0.581782 0.646142 
-0.082751 -0.326450 -0.941585 -0.949206 -0.261997 0.174255 -0.303579 0.908178 -0.288188 
0.902091 0.119621 0.414635 0.021309 0.947295 -0.319653 -0.431019 0.297191 0.851998 
0.839307 0.207467 -0.502515 0.253662 0.668099 0.699499 0.480853 -0.714564 0.508113 
0.167294 -0.967629 -0.188961 0.799938 0.021189 0.599709 -0.576292 -0.251485 0.777588 
0.043252 0.990917 0.127329 -0.053037 -0.124991 0.990739 0.997655 -0.049605 0.047149 
-0.342508 -0.097911 0.934399 -0.141787 0.988551 0.051612 -0.928754 -0.114808 -0.352469 
-0.230066 -0.940815 -0.248871 0.048097 0.244426 -0.968474 0.971986 -0.234783 -0.010984 
-0.583239 0.355068 -0.730588 0.608923 -0.404169 -0.682540 -0.537629 -0.842956 0.019518 
0.486390 -0.707080 0.513286 -0.426880 0.320266 0.845697 -0.762363 -0.630450 -0.146064 
0.196704 -0.790424 -0.580119 0.336053 -0.501486 0.797233 -0.921073 -0.351769 0.166980 
0.120891 0.745443 0.655515 0.452281 -0.629196 0.632103 0.883644 0.220062 -0.413214 
-0.299276 -0.954167 -0.000578 0.938501 -0.294252 -0.180643 0.172194 -0.054605 0.983549 
-0.375130 0.038682 -0.926165 0.548317 -0.796333 -0.255347 -0.747413 -0.603620 0.277519 
-0.109943 0.758725 -0.642066 -0.982929 -0.178876 -0.043067 -0.147526 0.626370 0.765439 
0.129954 0.528830 -0.838720 0.663252 -0.675142 -0.322925 -0.737027 -0.514317 -0.438485 
-0.402521 -0.776928 0.484107 0.145655 -0.576462 -0.804037 0.903749 -0.253129 0.345201 
0.934485 0.354335 0.034415 0.238691 -0.551893 -0.799025 -0.264129 0.754891 -0.600312 
-0.077153 0.641927 -0.762874 -0.451312 0.659790 0.600829 0.889025 0.390650 0.238805 
-0.045477 -0.891452 0.450827 -0.551298 -0.353952 -0.755506 0.833068 -0.282898 -0.475359 
0.931386 0.147995 -0.332593 0.053497 -0.959357 -0.277078 -0.360082 0.240274 -0.901448 
0.051379 0.989891 -0.132194 -0.952713 0.008887 -0.303741 -0.299496 0.141549 0.943539 
-0.394484 0.870362 -0.294708 0.629284 0.489590 0.603575 0.669615 0.052646 -0.740840 
0.543944 -0.813627 0.205271 -0.836794 -0.544163 0.060518 0.062462 -0.204688 -0.976832 
-0.486800 0.330702 0.808493 -0.322506 -0.928215 0.185489 0.811798 -0.170448 0.558509 
-0.360592 0.147281 -0.921022 -0.388658 -0.921369 0.004829 -0.847890 0.359704 0.389481 
-0.190313 0.421810 -0.886486 -0.257929 0.849783 0.459718 0.947235 0.316141 -0.052928 
-0.214930 0.858204 0.466145 0.944797 0.061846 0.321765 0.247311 0.509570 -0.824121 
0.459816 0.866524 0.194181 0.649517 -0.179068 -0.738960 -0.605555 0.465909 -0.645160 
-0.560742 -0.483556 0.672117 -0.307496 -0.632073 -0.711288 0.768775 -0.605522 0.205738 
-0.660955 -0.627744 0.411189 -0.438842 -0.121151 -0.890360 0.608734 -0.768934 -0.195405 
0.562823 0.047630 -0.825204 -0.537680 0.779350 -0.321737 0.627798 0.624777 0.464245 
-0.520497 -0.852186 0.053501 -0.301201 0.124615 -0.945383 0.798975 -0.508183 -0.321541 
-0.251329 -0.516938 0.818296 -0.741641 -0.440390 -0.505990 0.621935 -0.734052 -0.272700 
-0.328171 -0.382331 0.863786 -0.727315 -0.481223 -0.489323 0.602757 -0.788827 -0.120152 
-0.954252 -0.194113 0.227428 0.255651 -0.135211 0.957267 -0.155068 0.971616 0.178651 
0.518381 -0.298092 0.801513 0.398208 0.913601 0.082237 -0.756777 0.276539 0.592296 
0.566541 0.505309 -0.650918 0.799791 -0.527382 0.286708 -0.198406 -0.683031 -0.702926 
-0.889798 0.024062 0.455720 -0.179798 0.899354 -0.398542 -0.419444 -0.436560 -0.795916 
-0.196765 0.965260 0.171923 0.220821 -0.127217 0.966982 0.955260 0.228232 -0.188118 
0.385358 -0.743285 0.546834 0.041710 -0.577966 -0.814994 0.921824 0.336873 -0.191722 
0.074746 0.854933 -0.513325 -0.136710 0.518690 0.843962 0.987787 0.007094 0.155648 
0.289236 0.746119 -0.599708 0.351016 -0.665513 -0.658696 -0.890579 -0.019989 -0.454390 
-0.243734 -0.732329 0.635836 0.360845 -0.677016 -0.641436 0.900213 0.073098 0.429270 
0.918480 0.325597 -0.224457 -0.230271 -0.021114 -0.972897 -0.321512 0.945273 0.055583 
0.545946 0.827090 -0.133659 0.406881 -0.401195 -0.820664 -0.732387 0.393655 -0.555559 
-0.768378 -0.453696 0.451394 -0.486872 -0.043402 -0.872394 0.415393 -0.890099 -0.187542 
-0.723397 0.449088 0.524421 0.549905 -0.084533 0.830939 0.417495 0.889480 -0.185805 
-0.312441 -0.110480 0.943491 -0.112928 -0.981851 -0.152368 0.943201 -0.154153 0.294295 
0.832890 0.034004 0.552393 -0.283356 -0.831167 0.478404 0.475398 -0.554982 -0.682636 
0.937450 0.120484 -0.326605 -0.044384 0.971907 0.231141 0.345279 -0.202187 0.916462 
-0.993046 -0.058759 0.102014 0.091484 -0.930548 0.354558 0.074096 0.361425 0.929452 
-0.991478 0.098321 -0.085460 -0.106524 -0.989526 0.097420 -0.074987 0.105693 0.991567 
-0.989689 -0.133683 -0.051431 0.133542 -0.991024 0.006184 -0.051796 -0.000748 0.998657 
